0;3110001560;1
2300000500000007;3110001560;11
4600001000000014;3110001560;11
6900001500000021;3110001560;11
9200002000000028;3110001560;12
11500002500000035;3110001560;12
13800003000000042;3110001560;12
16100003500000049;3110001560;12
18400004000000056;3110001560;13
20700004500000063;3110001560;12
23000005000000070;3110001560;13
25300005500000077;3110001560;12
27600006000000084;3110001560;13
29900006500000091;3110001560;13
32200007000000098;3110001560;13
34500007500000105;3110001560;13
36800008000000112;3110001560;13
39100008500000119;3110001560;13
41400009000000126;3110001560;13
43700009500000133;3110001560;13
46000010000000140;3110001560;13
48300010500000147;3110001560;13
50600011000000154;3110001560;13
52900011500000161;3110001560;13
55200012000000168;3110001560;14
57500012500000175;3110001560;13
59800013000000182;3110001560;13
62100013500000189;3110001560;13
64400014000000196;3110001560;13
66700014500000203;3110001560;13
69000015000000210;3110001560;13
71300015500000217;3110001560;14
73600016000000224;3110001560;14
75900016500000231;3110001560;13
78200017000000238;3110001560;14
80500017500000245;3110001560;14
82800018000000252;3110001560;13
85100018500000259;3110001560;14
87400019000000266;3110001560;13
89700019500000273;3110001560;14
92000020000000280;3110001560;14
94300020500000287;3110001560;14
96600021000000294;3110001560;14
98900021500000301;3110001560;14
101200022000000308;3110001560;14
103500022500000315;3110001560;14
105800023000000322;3110001560;13
108100023500000329;3110001560;14
110400024000000336;3110001560;14
112700024500000343;3110001560;14
115000025000000350;3110001560;14
117300025500000357;3110001560;14
119600026000000364;3110001560;14
121900026500000371;3110001560;14
124200027000000378;3110001560;14
126500027500000385;3110001560;14
128800028000000392;3110001560;14
131100028500000399;3110001560;14
133400029000000406;3110001560;14
135700029500000413;3110001560;14
138000030000000420;3110001560;14
140300030500000427;3110001560;14
142600031000000434;3110001560;14
144900031500000441;3110001560;14
147200032000000448;3110001560;14
149500032500000455;3110001560;14
151800033000000462;3110001560;14
154100033500000469;3110001560;14
156400034000000476;3110001560;14
158700034500000483;3110001560;14
161000035000000490;3110001560;15
163300035500000497;3110001560;14
165600036000000504;3110001560;14
167900036500000511;3110001560;14
170200037000000518;3110001560;14
172500037500000525;3110001560;14
174800038000000532;3110001560;14
177100038500000539;3110001560;14
179400039000000546;3110001560;15
181700039500000553;3110001560;14
184000040000000560;3110001560;14
186300040500000567;3110001560;14
188600041000000574;3110001560;14
190900041500000581;3110001560;14
193200042000000588;3110001560;14
195500042500000595;3110001560;14
197800043000000602;3110001560;15
200100043500000609;3110001560;14
202400044000000616;3110001560;14
204700044500000623;3110001560;14
207000045000000630;3110001560;14
209300045500000637;3110001560;14
211600046000000644;3110001560;14
213900046500000651;3110001560;14
216200047000000658;3110001560;15
218500047500000665;3110001560;14
220800048000000672;3110001560;14
223100048500000679;3110001560;15
225400049000000686;3110001560;14
227700049500000693;3110001560;14
230000050000000700;3110001560;14
232300050500000707;3110001560;14
234600051000000714;3110001560;15
236900051500000721;3110001560;14
239200052000000728;3110001560;14
241500052500000735;3110001560;15
243800053000000742;3110001560;14
246100053500000749;3110001560;15
248400054000000756;3110001560;14
250700054500000763;3110001560;14
253000055000000770;3110001560;15
255300055500000777;3110001560;14
257600056000000784;3110001560;15
259900056500000791;3110001560;15
262200057000000798;3110001560;14
264500057500000805;3110001560;15
266800058000000812;3110001560;14
269100058500000819;3110001560;14
271400059000000826;3110001560;15
273700059500000833;3110001560;14
276000060000000840;3110001560;15
278300060500000847;3110001560;15
280600061000000854;3110001560;14
282900061500000861;3110001560;15
285200062000000868;3110001560;15
287500062500000875;3110001560;14
289800063000000882;3110001560;15
292100063500000889;3110001560;14
294400064000000896;3110001560;15
296700064500000903;3110001560;15
299000065000000910;3110001560;14
301300065500000917;3110001560;15
303600066000000924;3110001560;15
305900066500000931;3110001560;14
308200067000000938;3110001560;15
310500067500000945;3110001560;14
312800068000000952;3110001560;15
315100068500000959;3110001560;15
317400069000000966;3110001560;14
319700069500000973;3110001560;15
322000070000000980;3110001560;15
324300070500000987;3110001560;15
326600071000000994;3110001560;15
328900071500001001;3110001560;14
331200072000001008;3110001560;15
333500072500001015;3110001560;15
335800073000001022;3110001560;15
338100073500001029;3110001560;15
340400074000001036;3110001560;15
342700074500001043;3110001560;15
345000075000001050;3110001560;15
347300075500001057;3110001560;14
349600076000001064;3110001560;15
351900076500001071;3110001560;15
354200077000001078;3110001560;15
356500077500001085;3110001560;15
358800078000001092;3110001560;15
361100078500001099;3110001560;15
363400079000001106;3110001560;15
365700079500001113;3110001560;15
368000080000001120;3110001560;15
370300080500001127;3110001560;15
372600081000001134;3110001560;15
374900081500001141;3110001560;15
377200082000001148;3110001560;15
379500082500001155;3110001560;15
381800083000001162;3110001560;15
384100083500001169;3110001560;15
386400084000001176;3110001560;15
388700084500001183;3110001560;15
391000085000001190;3110001560;14
393300085500001197;3110001560;15
395600086000001204;3110001560;15
397900086500001211;3110001560;15
400200087000001218;3110001560;15
402500087500001225;3110001560;15
404800088000001232;3110001560;15
407100088500001239;3110001560;15
409400089000001246;3110001560;15
411700089500001253;3110001560;15
414000090000001260;3110001560;15
416300090500001267;3110001560;15
418600091000001274;3110001560;15
420900091500001281;3110001560;15
423200092000001288;3110001560;15
425500092500001295;3110001560;15
427800093000001302;3110001560;15
430100093500001309;3110001560;15
432400094000001316;3110001560;15
434700094500001323;3110001560;15
437000095000001330;3110001560;15
439300095500001337;3110001560;15
441600096000001344;3110001560;15
443900096500001351;3110001560;15
446200097000001358;3110001560;15
448500097500001365;3110001560;15
450800098000001372;3110001560;15
453100098500001379;3110001560;15
455400099000001386;3110001560;15
457700099500001393;3110001560;15
460000100000001400;3110001560;15
462300100500001407;3110001560;15
464600101000001414;3110001560;15
466900101500001421;3110001560;15
469200102000001428;3110001560;15
471500102500001435;3110001560;15
473800103000001442;3110001560;15
476100103500001449;3110001560;15
478400104000001456;3110001560;15
480700104500001463;3110001560;15
483000105000001470;3110001560;15
485300105500001477;3110001560;15
487600106000001484;3110001560;15
489900106500001491;3110001560;15
492200107000001498;3110001560;15
494500107500001505;3110001560;15
496800108000001512;3110001560;15
499100108500001519;3110001560;15
501400109000001526;3110001560;15
503700109500001533;3110001560;15
506000110000001540;3110001560;15
508300110500001547;3110001560;15
510600111000001554;3110001560;15
512900111500001561;3110001560;15
515200112000001568;3110001560;15
517500112500001575;3110001560;15
519800113000001582;3110001560;15
522100113500001589;3110001560;15
524400114000001596;3110001560;15
526700114500001603;3110001560;15
529000115000001610;3110001560;15
531300115500001617;3110001560;15
533600116000001624;3110001560;15
535900116500001631;3110001560;15
538200117000001638;3110001560;15
540500117500001645;3110001560;15
542800118000001652;3110001560;15
545100118500001659;3110001560;15
547400119000001666;3110001560;15
549700119500001673;3110001560;15
552000120000001680;3110001560;15
554300120500001687;3110001560;15
556600121000001694;3110001560;15
558900121500001701;3110001560;15
561200122000001708;3110001560;15
563500122500001715;3110001560;15
565800123000001722;3110001560;15
568100123500001729;3110001560;15
570400124000001736;3110001560;15
572700124500001743;3110001560;15
575000125000001750;3110001560;15
577300125500001757;3110001560;15
579600126000001764;3110001560;15
581900126500001771;3110001560;15
584200127000001778;3110001560;15
586500127500001785;3110001560;15
588800128000001792;3110001560;16
591100128500001799;3110001560;15
593400129000001806;3110001560;15
595700129500001813;3110001560;15
598000130000001820;3110001560;15
600300130500001827;3110001560;15
602600131000001834;3110001560;15
604900131500001841;3110001560;15
607200132000001848;3110001560;15
609500132500001855;3110001560;15
611800133000001862;3110001560;15
614100133500001869;3110001560;15
616400134000001876;3110001560;15
618700134500001883;3110001560;15
621000135000001890;3110001560;15
623300135500001897;3110001560;15
625600136000001904;3110001560;15
627900136500001911;3110001560;15
630200137000001918;3110001560;15
632500137500001925;3110001560;15
634800138000001932;3110001560;15
637100138500001939;3110001560;15
639400139000001946;3110001560;15
641700139500001953;3110001560;15
644000140000001960;3110001560;16
646300140500001967;3110001560;15
648600141000001974;3110001560;15
650900141500001981;3110001560;16
653200142000001988;3110001560;15
655500142500001995;3110001560;15
657800143000002002;3110001560;15
660100143500002009;3110001560;15
662400144000002016;3110001560;15
664700144500002023;3110001560;15
667000145000002030;3110001560;15
669300145500002037;3110001560;16
671600146000002044;3110001560;15
673900146500002051;3110001560;15
676200147000002058;3110001560;15
678500147500002065;3110001560;15
680800148000002072;3110001560;15
683100148500002079;3110001560;15
685400149000002086;3110001560;15
687700149500002093;3110001560;16
690000150000002100;3110001560;15
692300150500002107;3110001560;15
694600151000002114;3110001560;15
696900151500002121;3110001560;15
699200152000002128;3110001560;15
701500152500002135;3110001560;15
703800153000002142;3110001560;15
706100153500002149;3110001560;16
708400154000002156;3110001560;15
710700154500002163;3110001560;15
713000155000002170;3110001560;16
715300155500002177;3110001560;15
717600156000002184;3110001560;15
719900156500002191;3110001560;15
722200157000002198;3110001560;15
724500157500002205;3110001560;15
726800158000002212;3110001560;15
729100158500002219;3110001560;15
731400159000002226;3110001560;16
733700159500002233;3110001560;15
736000160000002240;3110001560;15
738300160500002247;3110001560;15
740600161000002254;3110001560;15
742900161500002261;3110001560;15
745200162000002268;3110001560;15
747500162500002275;3110001560;15
749800163000002282;3110001560;16
752100163500002289;3110001560;15
754400164000002296;3110001560;15
756700164500002303;3110001560;15
759000165000002310;3110001560;15
761300165500002317;3110001560;15
763600166000002324;3110001560;15
765900166500002331;3110001560;15
768200167000002338;3110001560;16
770500167500002345;3110001560;15
772800168000002352;3110001560;15
775100168500002359;3110001560;15
777400169000002366;3110001560;15
779700169500002373;3110001560;15
782000170000002380;3110001560;15
784300170500002387;3110001560;15
786600171000002394;3110001560;16
788900171500002401;3110001560;15
791200172000002408;3110001560;15
793500172500002415;3110001560;16
795800173000002422;3110001560;15
798100173500002429;3110001560;15
800400174000002436;3110001560;15
802700174500002443;3110001560;15
805000175000002450;3110001560;15
807300175500002457;3110001560;15
809600176000002464;3110001560;15
811900176500002471;3110001560;16
814200177000002478;3110001560;15
816500177500002485;3110001560;15
818800178000002492;3110001560;15
821100178500002499;3110001560;15
823400179000002506;3110001560;15
825700179500002513;3110001560;15
828000180000002520;3110001560;15
830300180500002527;3110001560;16
832600181000002534;3110001560;15
834900181500002541;3110001560;15
837200182000002548;3110001560;15
839500182500002555;3110001560;15
841800183000002562;3110001560;15
844100183500002569;3110001560;15
846400184000002576;3110001560;15
848700184500002583;3110001560;16
851000185000002590;3110001560;15
853300185500002597;3110001560;15
855600186000002604;3110001560;16
857900186500002611;3110001560;15
860200187000002618;3110001560;15
862500187500002625;3110001560;15
864800188000002632;3110001560;15
867100188500002639;3110001560;16
869400189000002646;3110001560;15
871700189500002653;3110001560;15
874000190000002660;3110001560;16
876300190500002667;3110001560;15
878600191000002674;3110001560;15
880900191500002681;3110001560;15
883200192000002688;3110001560;15
885500192500002695;3110001560;16
887800193000002702;3110001560;15
890100193500002709;3110001560;16
892400194000002716;3110001560;16
894700194500002723;3110001560;15
897000195000002730;3110001560;16
899300195500002737;3110001560;15
901600196000002744;3110001560;15
903900196500002751;3110001560;16
906200197000002758;3110001560;15
908500197500002765;3110001560;16
910800198000002772;3110001560;16
913100198500002779;3110001560;15
915400199000002786;3110001560;16
917700199500002793;3110001560;15
920000200000002800;3110001560;15
922300200500002807;3110001560;16
924600201000002814;3110001560;15
926900201500002821;3110001560;16
929200202000002828;3110001560;16
931500202500002835;3110001560;15
933800203000002842;3110001560;16
936100203500002849;3110001560;16
938400204000002856;3110001560;15
940700204500002863;3110001560;16
943000205000002870;3110001560;15
945300205500002877;3110001560;15
947600206000002884;3110001560;16
949900206500002891;3110001560;15
952200207000002898;3110001560;16
954500207500002905;3110001560;16
956800208000002912;3110001560;15
959100208500002919;3110001560;16
961400209000002926;3110001560;15
963700209500002933;3110001560;15
966000210000002940;3110001560;16
968300210500002947;3110001560;15
970600211000002954;3110001560;16
972900211500002961;3110001560;16
975200212000002968;3110001560;15
977500212500002975;3110001560;16
979800213000002982;3110001560;15
982100213500002989;3110001560;15
984400214000002996;3110001560;16
986700214500003003;3110001560;15
989000215000003010;3110001560;16
991300215500003017;3110001560;16
993600216000003024;3110001560;15
995900216500003031;3110001560;16
998200217000003038;3110001560;16
1000500217500003045;3110001560;15
1002800218000003052;3110001560;16
1005100218500003059;3110001560;15
1007400219000003066;3110001560;16
1009700219500003073;3110001560;16
1012000220000003080;3110001560;15
1014300220500003087;3110001560;16
1016600221000003094;3110001560;16
1018900221500003101;3110001560;15
1021200222000003108;3110001560;16
1023500222500003115;3110001560;15
1025800223000003122;3110001560;15
1028100223500003129;3110001560;16
1030400224000003136;3110001560;15
1032700224500003143;3110001560;16
1035000225000003150;3110001560;16
1037300225500003157;3110001560;15
1039600226000003164;3110001560;16
1041900226500003171;3110001560;15
1044200227000003178;3110001560;15
1046500227500003185;3110001560;16
1048800228000003192;3110001560;15
1051100228500003199;3110001560;16
1053400229000003206;3110001560;16
1055700229500003213;3110001560;15
1058000230000003220;3110001560;16
1060300230500003227;3110001560;15
1062600231000003234;3110001560;15
1064900231500003241;3110001560;16
1067200232000003248;3110001560;15
1069500232500003255;3110001560;16
1071800233000003262;3110001560;16
1074100233500003269;3110001560;15
1076400234000003276;3110001560;16
1078700234500003283;3110001560;16
1081000235000003290;3110001560;15
1083300235500003297;3110001560;16
1085600236000003304;3110001560;15
1087900236500003311;3110001560;15
1090200237000003318;3110001560;16
1092500237500003325;3110001560;15
1094800238000003332;3110001560;16
1097100238500003339;3110001560;16
1099400239000003346;3110001560;15
1101700239500003353;3110001560;16
1104000240000003360;3110001560;15
1106300240500003367;3110001560;15
1108600241000003374;3110001560;16
1110900241500003381;3110001560;15
1113200242000003388;3110001560;16
1115500242500003395;3110001560;16
1117800243000003402;3110001560;15
1120100243500003409;3110001560;16
1122400244000003416;3110001560;15
1124700244500003423;3110001560;15
1127000245000003430;3110001560;16
1129300245500003437;3110001560;15
1131600246000003444;3110001560;16
1133900246500003451;3110001560;16
1136200247000003458;3110001560;15
1138500247500003465;3110001560;16
1140800248000003472;3110001560;16
1143100248500003479;3110001560;16
1145400249000003486;3110001560;16
1147700249500003493;3110001560;15
1150000250000003500;3110001560;16
1152300250500003507;3110001560;16
1154600251000003514;3110001560;15
1156900251500003521;3110001560;16
1159200252000003528;3110001560;16
1161500252500003535;3110001560;16
1163800253000003542;3110001560;16
1166100253500003549;3110001560;15
1168400254000003556;3110001560;16
1170700254500003563;3110001560;16
1173000255000003570;3110001560;15
1175300255500003577;3110001560;16
1177600256000003584;3110001560;16
1179900256500003591;3110001560;16
1182200257000003598;3110001560;16
1184500257500003605;3110001560;15
1186800258000003612;3110001560;16
1189100258500003619;3110001560;16
1191400259000003626;3110001560;15
1193700259500003633;3110001560;16
1196000260000003640;3110001560;16
1198300260500003647;3110001560;16
1200600261000003654;3110001560;16
1202900261500003661;3110001560;15
1205200262000003668;3110001560;16
1207500262500003675;3110001560;16
1209800263000003682;3110001560;16
1212100263500003689;3110001560;16
1214400264000003696;3110001560;16
1216700264500003703;3110001560;16
1219000265000003710;3110001560;16
1221300265500003717;3110001560;16
1223600266000003724;3110001560;16
1225900266500003731;3110001560;16
1228200267000003738;3110001560;15
1230500267500003745;3110001560;16
1232800268000003752;3110001560;16
1235100268500003759;3110001560;16
1237400269000003766;3110001560;16
1239700269500003773;3110001560;16
1242000270000003780;3110001560;16
1244300270500003787;3110001560;16
1246600271000003794;3110001560;15
1248900271500003801;3110001560;16
1251200272000003808;3110001560;16
1253500272500003815;3110001560;16
1255800273000003822;3110001560;16
1258100273500003829;3110001560;16
1260400274000003836;3110001560;16
1262700274500003843;3110001560;16
1265000275000003850;3110001560;15
1267300275500003857;3110001560;16
1269600276000003864;3110001560;16
1271900276500003871;3110001560;16
1274200277000003878;3110001560;16
1276500277500003885;3110001560;16
1278800278000003892;3110001560;16
1281100278500003899;3110001560;16
1283400279000003906;3110001560;16
1285700279500003913;3110001560;16
1288000280000003920;3110001560;16
1290300280500003927;3110001560;16
1292600281000003934;3110001560;16
1294900281500003941;3110001560;16
1297200282000003948;3110001560;16
1299500282500003955;3110001560;16
1301800283000003962;3110001560;16
1304100283500003969;3110001560;16
1306400284000003976;3110001560;16
1308700284500003983;3110001560;15
1311000285000003990;3110001560;16
1313300285500003997;3110001560;16
1315600286000004004;3110001560;16
1317900286500004011;3110001560;16
1320200287000004018;3110001560;16
1322500287500004025;3110001560;16
1324800288000004032;3110001560;16
1327100288500004039;3110001560;15
1329400289000004046;3110001560;16
1331700289500004053;3110001560;16
1334000290000004060;3110001560;16
1336300290500004067;3110001560;16
1338600291000004074;3110001560;16
1340900291500004081;3110001560;16
1343200292000004088;3110001560;16
1345500292500004095;3110001560;15
1347800293000004102;3110001560;16
1350100293500004109;3110001560;16
1352400294000004116;3110001560;16
1354700294500004123;3110001560;16
1357000295000004130;3110001560;16
1359300295500004137;3110001560;16
1361600296000004144;3110001560;16
1363900296500004151;3110001560;16
1366200297000004158;3110001560;16
1368500297500004165;3110001560;16
1370800298000004172;3110001560;15
1373100298500004179;3110001560;16
1375400299000004186;3110001560;16
1377700299500004193;3110001560;16
1380000300000004200;3110001560;16
1382300300500004207;3110001560;16
1384600301000004214;3110001560;16
1386900301500004221;3110001560;16
1389200302000004228;3110001560;15
1391500302500004235;3110001560;16
1393800303000004242;3110001560;16
1396100303500004249;3110001560;16
1398400304000004256;3110001560;16
1400700304500004263;3110001560;16
1403000305000004270;3110001560;16
1405300305500004277;3110001560;16
1407600306000004284;3110001560;15
1409900306500004291;3110001560;16
1412200307000004298;3110001560;16
1414500307500004305;3110001560;16
1416800308000004312;3110001560;16
1419100308500004319;3110001560;16
1421400309000004326;3110001560;16
1423700309500004333;3110001560;16
1426000310000004340;3110001560;16
1428300310500004347;3110001560;16
1430600311000004354;3110001560;16
1432900311500004361;3110001560;16
1435200312000004368;3110001560;16
1437500312500004375;3110001560;16
1439800313000004382;3110001560;16
1442100313500004389;3110001560;16
1444400314000004396;3110001560;16
1446700314500004403;3110001560;16
1449000315000004410;3110001560;16
1451300315500004417;3110001560;16
1453600316000004424;3110001560;16
1455900316500004431;3110001560;16
1458200317000004438;3110001560;16
1460500317500004445;3110001560;16
1462800318000004452;3110001560;16
1465100318500004459;3110001560;16
1467400319000004466;3110001560;16
1469700319500004473;3110001560;16
1472000320000004480;3110001560;16
1474300320500004487;3110001560;16
1476600321000004494;3110001560;16
1478900321500004501;3110001560;16
1481200322000004508;3110001560;16
1483500322500004515;3110001560;16
1485800323000004522;3110001560;16
1488100323500004529;3110001560;16
1490400324000004536;3110001560;16
1492700324500004543;3110001560;16
1495000325000004550;3110001560;16
1497300325500004557;3110001560;16
1499600326000004564;3110001560;16
1501900326500004571;3110001560;16
1504200327000004578;3110001560;16
1506500327500004585;3110001560;16
1508800328000004592;3110001560;16
1511100328500004599;3110001560;16
1513400329000004606;3110001560;16
1515700329500004613;3110001560;16
1518000330000004620;3110001560;16
1520300330500004627;3110001560;16
1522600331000004634;3110001560;16
1524900331500004641;3110001560;16
1527200332000004648;3110001560;16
1529500332500004655;3110001560;16
1531800333000004662;3110001560;16
1534100333500004669;3110001560;16
1536400334000004676;3110001560;16
1538700334500004683;3110001560;16
1541000335000004690;3110001560;16
1543300335500004697;3110001560;16
1545600336000004704;3110001560;16
1547900336500004711;3110001560;16
1550200337000004718;3110001560;16
1552500337500004725;3110001560;16
1554800338000004732;3110001560;16
1557100338500004739;3110001560;16
1559400339000004746;3110001560;16
1561700339500004753;3110001560;16
1564000340000004760;3110001560;16
1566300340500004767;3110001560;16
1568600341000004774;3110001560;16
1570900341500004781;3110001560;16
1573200342000004788;3110001560;16
1575500342500004795;3110001560;16
1577800343000004802;3110001560;16
1580100343500004809;3110001560;16
1582400344000004816;3110001560;16
1584700344500004823;3110001560;16
1587000345000004830;3110001560;16
1589300345500004837;3110001560;16
1591600346000004844;3110001560;16
1593900346500004851;3110001560;16
1596200347000004858;3110001560;16
1598500347500004865;3110001560;16
1600800348000004872;3110001560;16
1603100348500004879;3110001560;16
1605400349000004886;3110001560;16
1607700349500004893;3110001560;16
1610000350000004900;3110001560;16
1612300350500004907;3110001560;16
1614600351000004914;3110001560;16
1616900351500004921;3110001560;16
1619200352000004928;3110001560;16
1621500352500004935;3110001560;16
1623800353000004942;3110001560;16
1626100353500004949;3110001560;16
1628400354000004956;3110001560;16
1630700354500004963;3110001560;16
1633000355000004970;3110001560;16
1635300355500004977;3110001560;16
1637600356000004984;3110001560;16
1639900356500004991;3110001560;16
1642200357000004998;3110001560;16
1644500357500005005;3110001560;16
1646800358000005012;3110001560;16
1649100358500005019;3110001560;16
1651400359000005026;3110001560;16
1653700359500005033;3110001560;16
1656000360000005040;3110001560;16
1658300360500005047;3110001560;16
1660600361000005054;3110001560;16
1662900361500005061;3110001560;16
1665200362000005068;3110001560;16
1667500362500005075;3110001560;16
1669800363000005082;3110001560;16
1672100363500005089;3110001560;16
1674400364000005096;3110001560;16
1676700364500005103;3110001560;16
1679000365000005110;3110001560;16
1681300365500005117;3110001560;16
1683600366000005124;3110001560;16
1685900366500005131;3110001560;16
1688200367000005138;3110001560;16
1690500367500005145;3110001560;16
1692800368000005152;3110001560;16
1695100368500005159;3110001560;16
1697400369000005166;3110001560;16
1699700369500005173;3110001560;16
1702000370000005180;3110001560;16
1704300370500005187;3110001560;16
1706600371000005194;3110001560;16
1708900371500005201;3110001560;16
1711200372000005208;3110001560;16
1713500372500005215;3110001560;16
1715800373000005222;3110001560;16
1718100373500005229;3110001560;16
1720400374000005236;3110001560;16
1722700374500005243;3110001560;16
1725000375000005250;3110001560;16
1727300375500005257;3110001560;16
1729600376000005264;3110001560;16
1731900376500005271;3110001560;16
1734200377000005278;3110001560;16
1736500377500005285;3110001560;16
1738800378000005292;3110001560;16
1741100378500005299;3110001560;16
1743400379000005306;3110001560;16
1745700379500005313;3110001560;16
1748000380000005320;3110001560;16
1750300380500005327;3110001560;16
1752600381000005334;3110001560;16
1754900381500005341;3110001560;16
1757200382000005348;3110001560;16
1759500382500005355;3110001560;16
1761800383000005362;3110001560;16
1764100383500005369;3110001560;16
1766400384000005376;3110001560;16
1768700384500005383;3110001560;16
1771000385000005390;3110001560;16
1773300385500005397;3110001560;16
1775600386000005404;3110001560;16
1777900386500005411;3110001560;16
1780200387000005418;3110001560;16
1782500387500005425;3110001560;16
1784800388000005432;3110001560;16
1787100388500005439;3110001560;16
1789400389000005446;3110001560;16
1791700389500005453;3110001560;16
1794000390000005460;3110001560;16
1796300390500005467;3110001560;16
1798600391000005474;3110001560;16
1800900391500005481;3110001560;16
1803200392000005488;3110001560;16
1805500392500005495;3110001560;16
1807800393000005502;3110001560;16
1810100393500005509;3110001560;16
1812400394000005516;3110001560;16
1814700394500005523;3110001560;16
1817000395000005530;3110001560;16
1819300395500005537;3110001560;16
1821600396000005544;3110001560;16
1823900396500005551;3110001560;16
1826200397000005558;3110001560;16
1828500397500005565;3110001560;16
1830800398000005572;3110001560;16
1833100398500005579;3110001560;16
1835400399000005586;3110001560;16
1837700399500005593;3110001560;16
1840000400000005600;3110001560;16
1842300400500005607;3110001560;16
1844600401000005614;3110001560;16
1846900401500005621;3110001560;16
1849200402000005628;3110001560;16
1851500402500005635;3110001560;16
1853800403000005642;3110001560;16
1856100403500005649;3110001560;16
1858400404000005656;3110001560;16
1860700404500005663;3110001560;16
1863000405000005670;3110001560;16
1865300405500005677;3110001560;16
1867600406000005684;3110001560;16
1869900406500005691;3110001560;16
1872200407000005698;3110001560;16
1874500407500005705;3110001560;16
1876800408000005712;3110001560;16
1879100408500005719;3110001560;16
1881400409000005726;3110001560;16
1883700409500005733;3110001560;16
1886000410000005740;3110001560;16
1888300410500005747;3110001560;16
1890600411000005754;3110001560;16
1892900411500005761;3110001560;16
1895200412000005768;3110001560;16
1897500412500005775;3110001560;16
1899800413000005782;3110001560;16
1902100413500005789;3110001560;16
1904400414000005796;3110001560;16
1906700414500005803;3110001560;16
1909000415000005810;3110001560;16
1911300415500005817;3110001560;16
1913600416000005824;3110001560;16
1915900416500005831;3110001560;16
1918200417000005838;3110001560;16
1920500417500005845;3110001560;16
1922800418000005852;3110001560;16
1925100418500005859;3110001560;16
1927400419000005866;3110001560;16
1929700419500005873;3110001560;16
1932000420000005880;3110001560;16
1934300420500005887;3110001560;16
1936600421000005894;3110001560;16
1938900421500005901;3110001560;16
1941200422000005908;3110001560;16
1943500422500005915;3110001560;16
1945800423000005922;3110001560;16
1948100423500005929;3110001560;16
1950400424000005936;3110001560;16
1952700424500005943;3110001560;16
1955000425000005950;3110001560;16
1957300425500005957;3110001560;16
1959600426000005964;3110001560;16
1961900426500005971;3110001560;16
1964200427000005978;3110001560;16
1966500427500005985;3110001560;16
1968800428000005992;3110001560;16
1971100428500005999;3110001560;16
1973400429000006006;3110001560;16
1975700429500006013;3110001560;16
1978000430000006020;3110001560;16
1980300430500006027;3110001560;16
1982600431000006034;3110001560;16
1984900431500006041;3110001560;16
1987200432000006048;3110001560;16
1989500432500006055;3110001560;16
1991800433000006062;3110001560;16
1994100433500006069;3110001560;16
1996400434000006076;3110001560;16
1998700434500006083;3110001560;16
2001000435000006090;3110001560;16
2003300435500006097;3110001560;16
2005600436000006104;3110001560;16
2007900436500006111;3110001560;16
2010200437000006118;3110001560;16
2012500437500006125;3110001560;16
2014800438000006132;3110001560;16
2017100438500006139;3110001560;16
2019400439000006146;3110001560;16
2021700439500006153;3110001560;16
2024000440000006160;3110001560;16
2026300440500006167;3110001560;16
2028600441000006174;3110001560;16
2030900441500006181;3110001560;16
2033200442000006188;3110001560;16
2035500442500006195;3110001560;16
2037800443000006202;3110001560;16
2040100443500006209;3110001560;16
2042400444000006216;3110001560;16
2044700444500006223;3110001560;16
2047000445000006230;3110001560;16
2049300445500006237;3110001560;16
2051600446000006244;3110001560;16
2053900446500006251;3110001560;16
2056200447000006258;3110001560;16
2058500447500006265;3110001560;16
2060800448000006272;3110001560;16
2063100448500006279;3110001560;16
2065400449000006286;3110001560;16
2067700449500006293;3110001560;16
2070000450000006300;3110001560;16
2072300450500006307;3110001560;16
2074600451000006314;3110001560;16
2076900451500006321;3110001560;16
2079200452000006328;3110001560;16
2081500452500006335;3110001560;16
2083800453000006342;3110001560;16
2086100453500006349;3110001560;16
2088400454000006356;3110001560;16
2090700454500006363;3110001560;16
2093000455000006370;3110001560;16
2095300455500006377;3110001560;16
2097600456000006384;3110001560;16
2099900456500006391;3110001560;16
2102200457000006398;3110001560;16
2104500457500006405;3110001560;16
2106800458000006412;3110001560;16
2109100458500006419;3110001560;16
2111400459000006426;3110001560;16
2113700459500006433;3110001560;16
2116000460000006440;3110001560;16
2118300460500006447;3110001560;16
2120600461000006454;3110001560;16
2122900461500006461;3110001560;16
2125200462000006468;3110001560;16
2127500462500006475;3110001560;16
2129800463000006482;3110001560;16
2132100463500006489;3110001560;16
2134400464000006496;3110001560;16
2136700464500006503;3110001560;16
2139000465000006510;3110001560;17
2141300465500006517;3110001560;16
2143600466000006524;3110001560;16
2145900466500006531;3110001560;16
2148200467000006538;3110001560;16
2150500467500006545;3110001560;16
2152800468000006552;3110001560;16
2155100468500006559;3110001560;16
2157400469000006566;3110001560;17
2159700469500006573;3110001560;16
2162000470000006580;3110001560;16
2164300470500006587;3110001560;16
2166600471000006594;3110001560;16
2168900471500006601;3110001560;16
2171200472000006608;3110001560;16
2173500472500006615;3110001560;16
2175800473000006622;3110001560;16
2178100473500006629;3110001560;16
2180400474000006636;3110001560;16
2182700474500006643;3110001560;16
2185000475000006650;3110001560;16
2187300475500006657;3110001560;16
2189600476000006664;3110001560;16
2191900476500006671;3110001560;16
2194200477000006678;3110001560;16
2196500477500006685;3110001560;16
2198800478000006692;3110001560;16
2201100478500006699;3110001560;16
2203400479000006706;3110001560;16
2205700479500006713;3110001560;16
2208000480000006720;3110001560;16
2210300480500006727;3110001560;16
2212600481000006734;3110001560;16
2214900481500006741;3110001560;16
2217200482000006748;3110001560;16
2219500482500006755;3110001560;17
2221800483000006762;3110001560;16
2224100483500006769;3110001560;16
2226400484000006776;3110001560;16
2228700484500006783;3110001560;16
2231000485000006790;3110001560;16
2233300485500006797;3110001560;16
2235600486000006804;3110001560;16
2237900486500006811;3110001560;16
2240200487000006818;3110001560;16
2242500487500006825;3110001560;16
2244800488000006832;3110001560;16
2247100488500006839;3110001560;16
2249400489000006846;3110001560;16
2251700489500006853;3110001560;16
2254000490000006860;3110001560;16
2256300490500006867;3110001560;16
2258600491000006874;3110001560;16
2260900491500006881;3110001560;16
2263200492000006888;3110001560;16
2265500492500006895;3110001560;16
2267800493000006902;3110001560;16
2270100493500006909;3110001560;16
2272400494000006916;3110001560;16
2274700494500006923;3110001560;16
2277000495000006930;3110001560;16
2279300495500006937;3110001560;16
2281600496000006944;3110001560;17
2283900496500006951;3110001560;16
2286200497000006958;3110001560;16
2288500497500006965;3110001560;16
2290800498000006972;3110001560;16
2293100498500006979;3110001560;16
2295400499000006986;3110001560;16
2297700499500006993;3110001560;16
2300000500000007000;3110001560;17
2302300500500007007;3110001560;16
2304600501000007014;3110001560;16
2306900501500007021;3110001560;16
2309200502000007028;3110001560;16
2311500502500007035;3110001560;16
2313800503000007042;3110001560;16
2316100503500007049;3110001560;16
2318400504000007056;3110001560;17
2320700504500007063;3110001560;16
2323000505000007070;3110001560;16
2325300505500007077;3110001560;16
2327600506000007084;3110001560;16
2329900506500007091;3110001560;16
2332200507000007098;3110001560;16
2334500507500007105;3110001560;16
2336800508000007112;3110001560;17
2339100508500007119;3110001560;16
2341400509000007126;3110001560;16
2343700509500007133;3110001560;16
2346000510000007140;3110001560;16
2348300510500007147;3110001560;16
2350600511000007154;3110001560;16
2352900511500007161;3110001560;16
2355200512000007168;3110001560;17
2357500512500007175;3110001560;16
2359800513000007182;3110001560;16
2362100513500007189;3110001560;17
2364400514000007196;3110001560;16
2366700514500007203;3110001560;16
2369000515000007210;3110001560;16
2371300515500007217;3110001560;16
2373600516000007224;3110001560;16
2375900516500007231;3110001560;16
2378200517000007238;3110001560;16
2380500517500007245;3110001560;17
2382800518000007252;3110001560;16
2385100518500007259;3110001560;16
2387400519000007266;3110001560;16
2389700519500007273;3110001560;16
2392000520000007280;3110001560;16
2394300520500007287;3110001560;16
2396600521000007294;3110001560;16
2398900521500007301;3110001560;17
2401200522000007308;3110001560;16
2403500522500007315;3110001560;16
2405800523000007322;3110001560;16
2408100523500007329;3110001560;16
2410400524000007336;3110001560;16
2412700524500007343;3110001560;16
2415000525000007350;3110001560;16
2417300525500007357;3110001560;17
2419600526000007364;3110001560;16
2421900526500007371;3110001560;16
2424200527000007378;3110001560;17
2426500527500007385;3110001560;16
2428800528000007392;3110001560;16
2431100528500007399;3110001560;16
2433400529000007406;3110001560;16
2435700529500007413;3110001560;16
2438000530000007420;3110001560;16
2440300530500007427;3110001560;16
2442600531000007434;3110001560;17
2444900531500007441;3110001560;16
2447200532000007448;3110001560;16
2449500532500007455;3110001560;16
2451800533000007462;3110001560;16
2454100533500007469;3110001560;16
2456400534000007476;3110001560;16
2458700534500007483;3110001560;16
2461000535000007490;3110001560;17
2463300535500007497;3110001560;16
2465600536000007504;3110001560;16
2467900536500007511;3110001560;16
2470200537000007518;3110001560;16
2472500537500007525;3110001560;16
2474800538000007532;3110001560;16
2477100538500007539;3110001560;16
2479400539000007546;3110001560;17
2481700539500007553;3110001560;16
2484000540000007560;3110001560;16
2486300540500007567;3110001560;16
2488600541000007574;3110001560;16
2490900541500007581;3110001560;16
2493200542000007588;3110001560;16
2495500542500007595;3110001560;16
2497800543000007602;3110001560;17
2500100543500007609;3110001560;16
2502400544000007616;3110001560;16
2504700544500007623;3110001560;17
2507000545000007630;3110001560;16
2509300545500007637;3110001560;16
2511600546000007644;3110001560;16
2513900546500007651;3110001560;16
2516200547000007658;3110001560;16
2518500547500007665;3110001560;16
2520800548000007672;3110001560;16
2523100548500007679;3110001560;17
2525400549000007686;3110001560;16
2527700549500007693;3110001560;16
2530000550000007700;3110001560;16
2532300550500007707;3110001560;16
2534600551000007714;3110001560;16
2536900551500007721;3110001560;16
2539200552000007728;3110001560;16
2541500552500007735;3110001560;17
2543800553000007742;3110001560;16
2546100553500007749;3110001560;16
2548400554000007756;3110001560;16
2550700554500007763;3110001560;16
2553000555000007770;3110001560;16
2555300555500007777;3110001560;16
2557600556000007784;3110001560;16
2559900556500007791;3110001560;17
2562200557000007798;3110001560;16
2564500557500007805;3110001560;16
2566800558000007812;3110001560;17
2569100558500007819;3110001560;16
2571400559000007826;3110001560;16
2573700559500007833;3110001560;16
2576000560000007840;3110001560;16
2578300560500007847;3110001560;16
2580600561000007854;3110001560;16
2582900561500007861;3110001560;16
2585200562000007868;3110001560;17
2587500562500007875;3110001560;16
2589800563000007882;3110001560;16
2592100563500007889;3110001560;16
2594400564000007896;3110001560;16
2596700564500007903;3110001560;16
2599000565000007910;3110001560;16
2601300565500007917;3110001560;16
2603600566000007924;3110001560;17
2605900566500007931;3110001560;16
2608200567000007938;3110001560;16
2610500567500007945;3110001560;16
2612800568000007952;3110001560;16
2615100568500007959;3110001560;16
2617400569000007966;3110001560;16
2619700569500007973;3110001560;16
2622000570000007980;3110001560;17
2624300570500007987;3110001560;16
2626600571000007994;3110001560;16
2628900571500008001;3110001560;16
2631200572000008008;3110001560;16
2633500572500008015;3110001560;16
2635800573000008022;3110001560;16
2638100573500008029;3110001560;16
2640400574000008036;3110001560;17
2642700574500008043;3110001560;16
2645000575000008050;3110001560;16
2647300575500008057;3110001560;17
2649600576000008064;3110001560;16
2651900576500008071;3110001560;16
2654200577000008078;3110001560;16
2656500577500008085;3110001560;16
2658800578000008092;3110001560;16
2661100578500008099;3110001560;16
2663400579000008106;3110001560;16
2665700579500008113;3110001560;17
2668000580000008120;3110001560;16
2670300580500008127;3110001560;16
2672600581000008134;3110001560;16
2674900581500008141;3110001560;16
2677200582000008148;3110001560;16
2679500582500008155;3110001560;16
2681800583000008162;3110001560;16
2684100583500008169;3110001560;17
2686400584000008176;3110001560;16
2688700584500008183;3110001560;16
2691000585000008190;3110001560;16
2693300585500008197;3110001560;16
2695600586000008204;3110001560;16
2697900586500008211;3110001560;16
2700200587000008218;3110001560;16
2702500587500008225;3110001560;17
2704800588000008232;3110001560;16
2707100588500008239;3110001560;16
2709400589000008246;3110001560;17
2711700589500008253;3110001560;16
2714000590000008260;3110001560;16
2716300590500008267;3110001560;16
2718600591000008274;3110001560;16
2720900591500008281;3110001560;16
2723200592000008288;3110001560;16
2725500592500008295;3110001560;16
2727800593000008302;3110001560;17
2730100593500008309;3110001560;16
2732400594000008316;3110001560;16
2734700594500008323;3110001560;16
2737000595000008330;3110001560;16
2739300595500008337;3110001560;16
2741600596000008344;3110001560;16
2743900596500008351;3110001560;16
2746200597000008358;3110001560;17
2748500597500008365;3110001560;16
2750800598000008372;3110001560;16
2753100598500008379;3110001560;16
2755400599000008386;3110001560;16
2757700599500008393;3110001560;16
2760000600000008400;3110001560;16
2762300600500008407;3110001560;16
2764600601000008414;3110001560;17
2766900601500008421;3110001560;16
2769200602000008428;3110001560;16
2771500602500008435;3110001560;16
2773800603000008442;3110001560;16
2776100603500008449;3110001560;16
2778400604000008456;3110001560;16
2780700604500008463;3110001560;16
2783000605000008470;3110001560;17
2785300605500008477;3110001560;16
2787600606000008484;3110001560;16
2789900606500008491;3110001560;17
2792200607000008498;3110001560;16
2794500607500008505;3110001560;16
2796800608000008512;3110001560;16
2799100608500008519;3110001560;16
2801400609000008526;3110001560;16
2803700609500008533;3110001560;16
2806000610000008540;3110001560;16
2808300610500008547;3110001560;17
2810600611000008554;3110001560;16
2812900611500008561;3110001560;16
2815200612000008568;3110001560;16
2817500612500008575;3110001560;16
2819800613000008582;3110001560;16
2822100613500008589;3110001560;16
2824400614000008596;3110001560;16
2826700614500008603;3110001560;17
2829000615000008610;3110001560;16
2831300615500008617;3110001560;16
2833600616000008624;3110001560;16
2835900616500008631;3110001560;16
2838200617000008638;3110001560;16
2840500617500008645;3110001560;16
2842800618000008652;3110001560;16
2845100618500008659;3110001560;17
2847400619000008666;3110001560;16
2849700619500008673;3110001560;16
2852000620000008680;3110001560;17
2854300620500008687;3110001560;16
2856600621000008694;3110001560;16
2858900621500008701;3110001560;16
2861200622000008708;3110001560;16
2863500622500008715;3110001560;16
2865800623000008722;3110001560;16
2868100623500008729;3110001560;16
2870400624000008736;3110001560;17
2872700624500008743;3110001560;16
2875000625000008750;3110001560;16
2877300625500008757;3110001560;16
2879600626000008764;3110001560;16
2881900626500008771;3110001560;16
2884200627000008778;3110001560;16
2886500627500008785;3110001560;16
2888800628000008792;3110001560;17
2891100628500008799;3110001560;16
2893400629000008806;3110001560;16
2895700629500008813;3110001560;16
2898000630000008820;3110001560;16
2900300630500008827;3110001560;16
2902600631000008834;3110001560;16
2904900631500008841;3110001560;16
2907200632000008848;3110001560;17
2909500632500008855;3110001560;16
2911800633000008862;3110001560;16
2914100633500008869;3110001560;16
2916400634000008876;3110001560;16
2918700634500008883;3110001560;16
2921000635000008890;3110001560;16
2923300635500008897;3110001560;16
2925600636000008904;3110001560;17
2927900636500008911;3110001560;16
2930200637000008918;3110001560;16
2932500637500008925;3110001560;17
2934800638000008932;3110001560;16
2937100638500008939;3110001560;16
2939400639000008946;3110001560;16
2941700639500008953;3110001560;16
2944000640000008960;3110001560;16
2946300640500008967;3110001560;16
2948600641000008974;3110001560;16
2950900641500008981;3110001560;17
2953200642000008988;3110001560;16
2955500642500008995;3110001560;16
2957800643000009002;3110001560;16
2960100643500009009;3110001560;16
2962400644000009016;3110001560;16
2964700644500009023;3110001560;16
2967000645000009030;3110001560;16
2969300645500009037;3110001560;17
2971600646000009044;3110001560;16
2973900646500009051;3110001560;16
2976200647000009058;3110001560;16
2978500647500009065;3110001560;16
2980800648000009072;3110001560;16
2983100648500009079;3110001560;16
2985400649000009086;3110001560;16
2987700649500009093;3110001560;17
2990000650000009100;3110001560;16
2992300650500009107;3110001560;16
2994600651000009114;3110001560;17
2996900651500009121;3110001560;16
2999200652000009128;3110001560;16
3001500652500009135;3110001560;16
3003800653000009142;3110001560;16
3006100653500009149;3110001560;17
3008400654000009156;3110001560;16
3010700654500009163;3110001560;16
3013000655000009170;3110001560;17
3015300655500009177;3110001560;16
3017600656000009184;3110001560;16
3019900656500009191;3110001560;16
3022200657000009198;3110001560;16
3024500657500009205;3110001560;17
3026800658000009212;3110001560;16
3029100658500009219;3110001560;16
3031400659000009226;3110001560;17
3033700659500009233;3110001560;16
3036000660000009240;3110001560;16
3038300660500009247;3110001560;16
3040600661000009254;3110001560;16
3042900661500009261;3110001560;16
3045200662000009268;3110001560;16
3047500662500009275;3110001560;16
3049800663000009282;3110001560;17
3052100663500009289;3110001560;16
3054400664000009296;3110001560;16
3056700664500009303;3110001560;16
3059000665000009310;3110001560;16
3061300665500009317;3110001560;16
3063600666000009324;3110001560;16
3065900666500009331;3110001560;16
3068200667000009338;3110001560;17
3070500667500009345;3110001560;16
3072800668000009352;3110001560;16
3075100668500009359;3110001560;17
3077400669000009366;3110001560;16
3079700669500009373;3110001560;16
3082000670000009380;3110001560;16
3084300670500009387;3110001560;16
3086600671000009394;3110001560;17
3088900671500009401;3110001560;16
3091200672000009408;3110001560;16
3093500672500009415;3110001560;17
3095800673000009422;3110001560;16
3098100673500009429;3110001560;16
3100400674000009436;3110001560;16
3102700674500009443;3110001560;16
3105000675000009450;3110001560;16
3107300675500009457;3110001560;16
3109600676000009464;3110001560;16
3111900676500009471;3110001560;17
3114200677000009478;3110001560;16
3116500677500009485;3110001560;16
3118800678000009492;3110001560;16
3121100678500009499;3110001560;16
3123400679000009506;3110001560;16
3125700679500009513;3110001560;16
3128000680000009520;3110001560;16
3130300680500009527;3110001560;17
3132600681000009534;3110001560;16
3134900681500009541;3110001560;16
3137200682000009548;3110001560;17
3139500682500009555;3110001560;16
3141800683000009562;3110001560;16
3144100683500009569;3110001560;16
3146400684000009576;3110001560;16
3148700684500009583;3110001560;17
3151000685000009590;3110001560;16
3153300685500009597;3110001560;16
3155600686000009604;3110001560;17
3157900686500009611;3110001560;16
3160200687000009618;3110001560;16
3162500687500009625;3110001560;16
3164800688000009632;3110001560;16
3167100688500009639;3110001560;17
3169400689000009646;3110001560;16
3171700689500009653;3110001560;16
3174000690000009660;3110001560;17
3176300690500009667;3110001560;16
3178600691000009674;3110001560;16
3180900691500009681;3110001560;16
3183200692000009688;3110001560;16
3185500692500009695;3110001560;17
3187800693000009702;3110001560;16
3190100693500009709;3110001560;16
3192400694000009716;3110001560;17
3194700694500009723;3110001560;16
3197000695000009730;3110001560;16
3199300695500009737;3110001560;16
3201600696000009744;3110001560;16
3203900696500009751;3110001560;17
3206200697000009758;3110001560;16
3208500697500009765;3110001560;17
3210800698000009772;3110001560;17
3213100698500009779;3110001560;16
3215400699000009786;3110001560;17
3217700699500009793;3110001560;17
3220000700000009800;3110001560;16
3222300700500009807;3110001560;17
3224600701000009814;3110001560;16
3226900701500009821;3110001560;16
3229200702000009828;3110001560;17
3231500702500009835;3110001560;16
3233800703000009842;3110001560;17
3236100703500009849;3110001560;17
3238400704000009856;3110001560;16
3240700704500009863;3110001560;17
3243000705000009870;3110001560;16
3245300705500009877;3110001560;16
3247600706000009884;3110001560;17
3249900706500009891;3110001560;16
3252200707000009898;3110001560;17
3254500707500009905;3110001560;17
3256800708000009912;3110001560;16
3259100708500009919;3110001560;17
3261400709000009926;3110001560;16
3263700709500009933;3110001560;16
3266000710000009940;3110001560;17
3268300710500009947;3110001560;16
3270600711000009954;3110001560;17
3272900711500009961;3110001560;17
3275200712000009968;3110001560;16
3277500712500009975;3110001560;17
3279800713000009982;3110001560;17
3282100713500009989;3110001560;16
3284400714000009996;3110001560;17
3286700714500010003;3110001560;16
3289000715000010010;3110001560;17
3291300715500010017;3110001560;17
3293600716000010024;3110001560;16
3295900716500010031;3110001560;17
3298200717000010038;3110001560;17
3300500717500010045;3110001560;16
3302800718000010052;3110001560;17
3305100718500010059;3110001560;16
3307400719000010066;3110001560;16
3309700719500010073;3110001560;17
3312000720000010080;3110001560;16
3314300720500010087;3110001560;17
3316600721000010094;3110001560;17
3318900721500010101;3110001560;16
3321200722000010108;3110001560;17
3323500722500010115;3110001560;16
3325800723000010122;3110001560;16
3328100723500010129;3110001560;17
3330400724000010136;3110001560;16
3332700724500010143;3110001560;17
3335000725000010150;3110001560;17
3337300725500010157;3110001560;16
3339600726000010164;3110001560;17
3341900726500010171;3110001560;16
3344200727000010178;3110001560;16
3346500727500010185;3110001560;17
3348800728000010192;3110001560;16
3351100728500010199;3110001560;17
3353400729000010206;3110001560;17
3355700729500010213;3110001560;16
3358000730000010220;3110001560;17
3360300730500010227;3110001560;17
3362600731000010234;3110001560;16
3364900731500010241;3110001560;17
3367200732000010248;3110001560;16
3369500732500010255;3110001560;16
3371800733000010262;3110001560;17
3374100733500010269;3110001560;16
3376400734000010276;3110001560;17
3378700734500010283;3110001560;17
3381000735000010290;3110001560;16
3383300735500010297;3110001560;17
3385600736000010304;3110001560;16
3387900736500010311;3110001560;16
3390200737000010318;3110001560;17
3392500737500010325;3110001560;16
3394800738000010332;3110001560;17
3397100738500010339;3110001560;17
3399400739000010346;3110001560;16
3401700739500010353;3110001560;17
3404000740000010360;3110001560;16
3406300740500010367;3110001560;16
3408600741000010374;3110001560;17
3410900741500010381;3110001560;16
3413200742000010388;3110001560;17
3415500742500010395;3110001560;17
3417800743000010402;3110001560;16
3420100743500010409;3110001560;17
3422400744000010416;3110001560;17
3424700744500010423;3110001560;16
3427000745000010430;3110001560;17
3429300745500010437;3110001560;16
3431600746000010444;3110001560;17
3433900746500010451;3110001560;17
3436200747000010458;3110001560;16
3438500747500010465;3110001560;17
3440800748000010472;3110001560;17
3443100748500010479;3110001560;16
3445400749000010486;3110001560;17
3447700749500010493;3110001560;16
3450000750000010500;3110001560;16
3452300750500010507;3110001560;17
3454600751000010514;3110001560;16
3456900751500010521;3110001560;17
3459200752000010528;3110001560;17
3461500752500010535;3110001560;16
3463800753000010542;3110001560;17
3466100753500010549;3110001560;16
3468400754000010556;3110001560;16
3470700754500010563;3110001560;17
3473000755000010570;3110001560;16
3475300755500010577;3110001560;17
3477600756000010584;3110001560;17
3479900756500010591;3110001560;16
3482200757000010598;3110001560;17
3484500757500010605;3110001560;16
3486800758000010612;3110001560;16
3489100758500010619;3110001560;17
3491400759000010626;3110001560;16
3493700759500010633;3110001560;17
3496000760000010640;3110001560;17
3498300760500010647;3110001560;16
3500600761000010654;3110001560;17
3502900761500010661;3110001560;17
3505200762000010668;3110001560;16
3507500762500010675;3110001560;17
3509800763000010682;3110001560;16
3512100763500010689;3110001560;16
3514400764000010696;3110001560;17
3516700764500010703;3110001560;16
3519000765000010710;3110001560;17
3521300765500010717;3110001560;17
3523600766000010724;3110001560;16
3525900766500010731;3110001560;17
3528200767000010738;3110001560;16
3530500767500010745;3110001560;16
3532800768000010752;3110001560;17
3535100768500010759;3110001560;16
3537400769000010766;3110001560;17
3539700769500010773;3110001560;17
3542000770000010780;3110001560;16
3544300770500010787;3110001560;17
3546600771000010794;3110001560;16
3548900771500010801;3110001560;16
3551200772000010808;3110001560;17
3553500772500010815;3110001560;16
3555800773000010822;3110001560;17
3558100773500010829;3110001560;17
3560400774000010836;3110001560;16
3562700774500010843;3110001560;17
3565000775000010850;3110001560;17
3567300775500010857;3110001560;16
3569600776000010864;3110001560;17
3571900776500010871;3110001560;16
3574200777000010878;3110001560;17
3576500777500010885;3110001560;17
3578800778000010892;3110001560;16
3581100778500010899;3110001560;17
3583400779000010906;3110001560;17
3585700779500010913;3110001560;16
3588000780000010920;3110001560;17
3590300780500010927;3110001560;16
3592600781000010934;3110001560;16
3594900781500010941;3110001560;17
3597200782000010948;3110001560;16
3599500782500010955;3110001560;17
3601800783000010962;3110001560;17
3604100783500010969;3110001560;16
3606400784000010976;3110001560;17
3608700784500010983;3110001560;16
3611000785000010990;3110001560;16
3613300785500010997;3110001560;17
3615600786000011004;3110001560;16
3617900786500011011;3110001560;17
3620200787000011018;3110001560;17
3622500787500011025;3110001560;16
3624800788000011032;3110001560;17
3627100788500011039;3110001560;16
3629400789000011046;3110001560;16
3631700789500011053;3110001560;17
3634000790000011060;3110001560;16
3636300790500011067;3110001560;17
3638600791000011074;3110001560;17
3640900791500011081;3110001560;16
3643200792000011088;3110001560;17
3645500792500011095;3110001560;17
3647800793000011102;3110001560;16
3650100793500011109;3110001560;17
3652400794000011116;3110001560;16
3654700794500011123;3110001560;16
3657000795000011130;3110001560;17
3659300795500011137;3110001560;16
3661600796000011144;3110001560;17
3663900796500011151;3110001560;17
3666200797000011158;3110001560;16
3668500797500011165;3110001560;17
3670800798000011172;3110001560;16
3673100798500011179;3110001560;16
3675400799000011186;3110001560;17
3677700799500011193;3110001560;16
3680000800000011200;3110001560;17
3682300800500011207;3110001560;17
3684600801000011214;3110001560;16
3686900801500011221;3110001560;17
3689200802000011228;3110001560;16
3691500802500011235;3110001560;16
3693800803000011242;3110001560;17
3696100803500011249;3110001560;16
3698400804000011256;3110001560;17
3700700804500011263;3110001560;17
3703000805000011270;3110001560;16
3705300805500011277;3110001560;17
3707600806000011284;3110001560;17
3709900806500011291;3110001560;16
3712200807000011298;3110001560;17
3714500807500011305;3110001560;16
3716800808000011312;3110001560;17
3719100808500011319;3110001560;17
3721400809000011326;3110001560;16
3723700809500011333;3110001560;17
3726000810000011340;3110001560;17
3728300810500011347;3110001560;16
3730600811000011354;3110001560;17
3732900811500011361;3110001560;16
3735200812000011368;3110001560;16
3737500812500011375;3110001560;17
3739800813000011382;3110001560;16
3742100813500011389;3110001560;17
3744400814000011396;3110001560;17
3746700814500011403;3110001560;16
3749000815000011410;3110001560;17
3751300815500011417;3110001560;16
3753600816000011424;3110001560;16
3755900816500011431;3110001560;17
3758200817000011438;3110001560;16
3760500817500011445;3110001560;17
3762800818000011452;3110001560;17
3765100818500011459;3110001560;16
3767400819000011466;3110001560;17
3769700819500011473;3110001560;16
3772000820000011480;3110001560;16
3774300820500011487;3110001560;17
3776600821000011494;3110001560;16
3778900821500011501;3110001560;17
3781200822000011508;3110001560;17
3783500822500011515;3110001560;16
3785800823000011522;3110001560;17
3788100823500011529;3110001560;17
3790400824000011536;3110001560;16
3792700824500011543;3110001560;17
3795000825000011550;3110001560;16
3797300825500011557;3110001560;16
3799600826000011564;3110001560;17
3801900826500011571;3110001560;16
3804200827000011578;3110001560;17
3806500827500011585;3110001560;17
3808800828000011592;3110001560;16
3811100828500011599;3110001560;17
3813400829000011606;3110001560;16
3815700829500011613;3110001560;16
3818000830000011620;3110001560;17
3820300830500011627;3110001560;16
3822600831000011634;3110001560;17
3824900831500011641;3110001560;17
3827200832000011648;3110001560;16
3829500832500011655;3110001560;17
3831800833000011662;3110001560;16
3834100833500011669;3110001560;16
3836400834000011676;3110001560;17
3838700834500011683;3110001560;16
3841000835000011690;3110001560;17
3843300835500011697;3110001560;17
3845600836000011704;3110001560;16
3847900836500011711;3110001560;17
3850200837000011718;3110001560;17
3852500837500011725;3110001560;16
3854800838000011732;3110001560;17
3857100838500011739;3110001560;16
3859400839000011746;3110001560;17
3861700839500011753;3110001560;17
3864000840000011760;3110001560;16
3866300840500011767;3110001560;17
3868600841000011774;3110001560;17
3870900841500011781;3110001560;16
3873200842000011788;3110001560;17
3875500842500011795;3110001560;16
3877800843000011802;3110001560;16
3880100843500011809;3110001560;17
3882400844000011816;3110001560;16
3884700844500011823;3110001560;17
3887000845000011830;3110001560;17
3889300845500011837;3110001560;16
3891600846000011844;3110001560;17
3893900846500011851;3110001560;16
3896200847000011858;3110001560;16
3898500847500011865;3110001560;17
3900800848000011872;3110001560;16
3903100848500011879;3110001560;17
3905400849000011886;3110001560;17
3907700849500011893;3110001560;16
3910000850000011900;3110001560;17
3912300850500011907;3110001560;16
3914600851000011914;3110001560;16
3916900851500011921;3110001560;17
3919200852000011928;3110001560;16
3921500852500011935;3110001560;17
3923800853000011942;3110001560;17
3926100853500011949;3110001560;16
3928400854000011956;3110001560;17
3930700854500011963;3110001560;17
3933000855000011970;3110001560;16
3935300855500011977;3110001560;17
3937600856000011984;3110001560;16
3939900856500011991;3110001560;16
3942200857000011998;3110001560;17
3944500857500012005;3110001560;16
3946800858000012012;3110001560;17
3949100858500012019;3110001560;17
3951400859000012026;3110001560;16
3953700859500012033;3110001560;17
3956000860000012040;3110001560;16
3958300860500012047;3110001560;16
3960600861000012054;3110001560;17
3962900861500012061;3110001560;16
3965200862000012068;3110001560;17
3967500862500012075;3110001560;17
3969800863000012082;3110001560;16
3972100863500012089;3110001560;17
3974400864000012096;3110001560;16
3976700864500012103;3110001560;16
3979000865000012110;3110001560;17
3981300865500012117;3110001560;16
3983600866000012124;3110001560;17
3985900866500012131;3110001560;17
3988200867000012138;3110001560;16
3990500867500012145;3110001560;17
3992800868000012152;3110001560;17
3995100868500012159;3110001560;16
3997400869000012166;3110001560;17
3999700869500012173;3110001560;16
4002000870000012180;3110001560;17
4004300870500012187;3110001560;17
4006600871000012194;3110001560;16
4008900871500012201;3110001560;17
4011200872000012208;3110001560;17
4013500872500012215;3110001560;16
4015800873000012222;3110001560;17
4018100873500012229;3110001560;16
4020400874000012236;3110001560;16
4022700874500012243;3110001560;17
4025000875000012250;3110001560;16
4027300875500012257;3110001560;17
4029600876000012264;3110001560;17
4031900876500012271;3110001560;16
4034200877000012278;3110001560;17
4036500877500012285;3110001560;16
4038800878000012292;3110001560;16
4041100878500012299;3110001560;17
4043400879000012306;3110001560;16
4045700879500012313;3110001560;17
4048000880000012320;3110001560;17
4050300880500012327;3110001560;16
4052600881000012334;3110001560;17
4054900881500012341;3110001560;16
4057200882000012348;3110001560;16
4059500882500012355;3110001560;17
4061800883000012362;3110001560;16
4064100883500012369;3110001560;17
4066400884000012376;3110001560;17
4068700884500012383;3110001560;16
4071000885000012390;3110001560;17
4073300885500012397;3110001560;17
4075600886000012404;3110001560;16
4077900886500012411;3110001560;17
4080200887000012418;3110001560;16
4082500887500012425;3110001560;17
4084800888000012432;3110001560;17
4087100888500012439;3110001560;16
4089400889000012446;3110001560;17
4091700889500012453;3110001560;17
4094000890000012460;3110001560;17
4096300890500012467;3110001560;17
4098600891000012474;3110001560;16
4100900891500012481;3110001560;17
4103200892000012488;3110001560;17
4105500892500012495;3110001560;16
4107800893000012502;3110001560;17
4110100893500012509;3110001560;17
4112400894000012516;3110001560;16
4114700894500012523;3110001560;17
4117000895000012530;3110001560;16
4119300895500012537;3110001560;17
4121600896000012544;3110001560;17
4123900896500012551;3110001560;16
4126200897000012558;3110001560;17
4128500897500012565;3110001560;17
4130800898000012572;3110001560;16
4133100898500012579;3110001560;17
4135400899000012586;3110001560;17
4137700899500012593;3110001560;17
4140000900000012600;3110001560;17
4142300900500012607;3110001560;16
4144600901000012614;3110001560;17
4146900901500012621;3110001560;17
4149200902000012628;3110001560;16
4151500902500012635;3110001560;17
4153800903000012642;3110001560;17
4156100903500012649;3110001560;17
4158400904000012656;3110001560;17
4160700904500012663;3110001560;16
4163000905000012670;3110001560;17
4165300905500012677;3110001560;17
4167600906000012684;3110001560;16
4169900906500012691;3110001560;17
4172200907000012698;3110001560;17
4174500907500012705;3110001560;17
4176800908000012712;3110001560;17
4179100908500012719;3110001560;16
4181400909000012726;3110001560;17
4183700909500012733;3110001560;17
4186000910000012740;3110001560;16
4188300910500012747;3110001560;17
4190600911000012754;3110001560;17
4192900911500012761;3110001560;16
4195200912000012768;3110001560;17
4197500912500012775;3110001560;16
4199800913000012782;3110001560;17
4202100913500012789;3110001560;17
4204400914000012796;3110001560;16
4206700914500012803;3110001560;17
4209000915000012810;3110001560;17
4211300915500012817;3110001560;16
4213600916000012824;3110001560;17
4215900916500012831;3110001560;17
4218200917000012838;3110001560;17
4220500917500012845;3110001560;17
4222800918000012852;3110001560;16
4225100918500012859;3110001560;17
4227400919000012866;3110001560;17
4229700919500012873;3110001560;16
4232000920000012880;3110001560;17
4234300920500012887;3110001560;17
4236600921000012894;3110001560;17
4238900921500012901;3110001560;17
4241200922000012908;3110001560;16
4243500922500012915;3110001560;17
4245800923000012922;3110001560;17
4248100923500012929;3110001560;16
4250400924000012936;3110001560;17
4252700924500012943;3110001560;17
4255000925000012950;3110001560;16
4257300925500012957;3110001560;17
4259600926000012964;3110001560;16
4261900926500012971;3110001560;17
4264200927000012978;3110001560;17
4266500927500012985;3110001560;16
4268800928000012992;3110001560;17
4271100928500012999;3110001560;17
4273400929000013006;3110001560;16
4275700929500013013;3110001560;17
4278000930000013020;3110001560;17
4280300930500013027;3110001560;17
4282600931000013034;3110001560;17
4284900931500013041;3110001560;16
4287200932000013048;3110001560;17
4289500932500013055;3110001560;17
4291800933000013062;3110001560;16
4294100933500013069;3110001560;17
4296400934000013076;3110001560;17
4298700934500013083;3110001560;17
4301000935000013090;3110001560;17
4303300935500013097;3110001560;16
4305600936000013104;3110001560;17
4307900936500013111;3110001560;17
4310200937000013118;3110001560;16
4312500937500013125;3110001560;17
4314800938000013132;3110001560;17
4317100938500013139;3110001560;17
4319400939000013146;3110001560;17
4321700939500013153;3110001560;16
4324000940000013160;3110001560;17
4326300940500013167;3110001560;17
4328600941000013174;3110001560;17
4330900941500013181;3110001560;17
4333200942000013188;3110001560;17
4335500942500013195;3110001560;17
4337800943000013202;3110001560;17
4340100943500013209;3110001560;16
4342400944000013216;3110001560;17
4344700944500013223;3110001560;17
4347000945000013230;3110001560;17
4349300945500013237;3110001560;17
4351600946000013244;3110001560;17
4353900946500013251;3110001560;17
4356200947000013258;3110001560;17
4358500947500013265;3110001560;17
4360800948000013272;3110001560;17
4363100948500013279;3110001560;17
4365400949000013286;3110001560;16
4367700949500013293;3110001560;17
4370000950000013300;3110001560;17
4372300950500013307;3110001560;17
4374600951000013314;3110001560;17
4376900951500013321;3110001560;17
4379200952000013328;3110001560;17
4381500952500013335;3110001560;17
4383800953000013342;3110001560;16
4386100953500013349;3110001560;17
4388400954000013356;3110001560;17
4390700954500013363;3110001560;17
4393000955000013370;3110001560;17
4395300955500013377;3110001560;17
4397600956000013384;3110001560;17
4399900956500013391;3110001560;17
4402200957000013398;3110001560;16
4404500957500013405;3110001560;17
4406800958000013412;3110001560;17
4409100958500013419;3110001560;17
4411400959000013426;3110001560;17
4413700959500013433;3110001560;17
4416000960000013440;3110001560;17
4418300960500013447;3110001560;17
4420600961000013454;3110001560;17
4422900961500013461;3110001560;17
4425200962000013468;3110001560;17
4427500962500013475;3110001560;17
4429800963000013482;3110001560;17
4432100963500013489;3110001560;17
4434400964000013496;3110001560;17
4436700964500013503;3110001560;17
4439000965000013510;3110001560;17
4441300965500013517;3110001560;17
4443600966000013524;3110001560;17
4445900966500013531;3110001560;16
4448200967000013538;3110001560;17
4450500967500013545;3110001560;17
4452800968000013552;3110001560;17
4455100968500013559;3110001560;17
4457400969000013566;3110001560;17
4459700969500013573;3110001560;17
4462000970000013580;3110001560;17
4464300970500013587;3110001560;16
4466600971000013594;3110001560;17
4468900971500013601;3110001560;17
4471200972000013608;3110001560;17
4473500972500013615;3110001560;17
4475800973000013622;3110001560;17
4478100973500013629;3110001560;17
4480400974000013636;3110001560;17
4482700974500013643;3110001560;16
4485000975000013650;3110001560;17
4487300975500013657;3110001560;17
4489600976000013664;3110001560;17
4491900976500013671;3110001560;17
4494200977000013678;3110001560;17
4496500977500013685;3110001560;17
4498800978000013692;3110001560;17
4501100978500013699;3110001560;17
4503400979000013706;3110001560;17
4505700979500013713;3110001560;17
4508000980000013720;3110001560;16
4510300980500013727;3110001560;17
4512600981000013734;3110001560;17
4514900981500013741;3110001560;17
4517200982000013748;3110001560;17
4519500982500013755;3110001560;17
4521800983000013762;3110001560;17
4524100983500013769;3110001560;17
4526400984000013776;3110001560;16
4528700984500013783;3110001560;17
4531000985000013790;3110001560;17
4533300985500013797;3110001560;17
4535600986000013804;3110001560;17
4537900986500013811;3110001560;17
4540200987000013818;3110001560;17
4542500987500013825;3110001560;17
4544800988000013832;3110001560;16
4547100988500013839;3110001560;17
4549400989000013846;3110001560;17
4551700989500013853;3110001560;17
4554000990000013860;3110001560;17
4556300990500013867;3110001560;17
4558600991000013874;3110001560;17
4560900991500013881;3110001560;17
4563200992000013888;3110001560;17
4565500992500013895;3110001560;17
4567800993000013902;3110001560;17
4570100993500013909;3110001560;17
4572400994000013916;3110001560;17
4574700994500013923;3110001560;17
4577000995000013930;3110001560;17
4579300995500013937;3110001560;17
4581600996000013944;3110001560;17
4583900996500013951;3110001560;17
4586200997000013958;3110001560;17
4588500997500013965;3110001560;16
4590800998000013972;3110001560;17
4593100998500013979;3110001560;17
4595400999000013986;3110001560;17
4597700999500013993;3110001560;17
4600001000000014000;3110001560;17
4602301000500014007;3110001560;17
4604601001000014014;3110001560;17
4606901001500014021;3110001560;16
4609201002000014028;3110001560;17
4611501002500014035;3110001560;17
4613801003000014042;3110001560;17
4616101003500014049;3110001560;17
4618401004000014056;3110001560;17
4620701004500014063;3110001560;17
4623001005000014070;3110001560;17
4625301005500014077;3110001560;16
4627601006000014084;3110001560;17
4629901006500014091;3110001560;17
4632201007000014098;3110001560;17
4634501007500014105;3110001560;17
4636801008000014112;3110001560;17
4639101008500014119;3110001560;17
4641401009000014126;3110001560;17
4643701009500014133;3110001560;17
4646001010000014140;3110001560;17
4648301010500014147;3110001560;17
4650601011000014154;3110001560;16
4652901011500014161;3110001560;17
4655201012000014168;3110001560;17
4657501012500014175;3110001560;17
4659801013000014182;3110001560;17
4662101013500014189;3110001560;17
4664401014000014196;3110001560;17
4666701014500014203;3110001560;17
4669001015000014210;3110001560;16
4671301015500014217;3110001560;17
4673601016000014224;3110001560;17
4675901016500014231;3110001560;17
4678201017000014238;3110001560;17
4680501017500014245;3110001560;17
4682801018000014252;3110001560;17
4685101018500014259;3110001560;17
4687401019000014266;3110001560;16
4689701019500014273;3110001560;17
4692001020000014280;3110001560;17
4694301020500014287;3110001560;17
4696601021000014294;3110001560;17
4698901021500014301;3110001560;17
4701201022000014308;3110001560;17
4703501022500014315;3110001560;17
4705801023000014322;3110001560;17
4708101023500014329;3110001560;17
4710401024000014336;3110001560;17
4712701024500014343;3110001560;17
4715001025000014350;3110001560;17
4717301025500014357;3110001560;17
4719601026000014364;3110001560;17
4721901026500014371;3110001560;17
4724201027000014378;3110001560;17
4726501027500014385;3110001560;17
4728801028000014392;3110001560;17
4731101028500014399;3110001560;16
4733401029000014406;3110001560;17
4735701029500014413;3110001560;17
4738001030000014420;3110001560;17
4740301030500014427;3110001560;17
4742601031000014434;3110001560;17
4744901031500014441;3110001560;17
4747201032000014448;3110001560;17
4749501032500014455;3110001560;16
4751801033000014462;3110001560;17
4754101033500014469;3110001560;17
4756401034000014476;3110001560;17
4758701034500014483;3110001560;17
4761001035000014490;3110001560;17
4763301035500014497;3110001560;17
4765601036000014504;3110001560;17
4767901036500014511;3110001560;16
4770201037000014518;3110001560;17
4772501037500014525;3110001560;17
4774801038000014532;3110001560;17
4777101038500014539;3110001560;17
4779401039000014546;3110001560;17
4781701039500014553;3110001560;17
4784001040000014560;3110001560;17
4786301040500014567;3110001560;17
4788601041000014574;3110001560;17
4790901041500014581;3110001560;17
4793201042000014588;3110001560;16
4795501042500014595;3110001560;17
4797801043000014602;3110001560;17
4800101043500014609;3110001560;17
4802401044000014616;3110001560;17
4804701044500014623;3110001560;17
4807001045000014630;3110001560;17
4809301045500014637;3110001560;17
4811601046000014644;3110001560;16
4813901046500014651;3110001560;17
4816201047000014658;3110001560;17
4818501047500014665;3110001560;17
4820801048000014672;3110001560;17
4823101048500014679;3110001560;17
4825401049000014686;3110001560;17
4827701049500014693;3110001560;17
4830001050000014700;3110001560;16
4832301050500014707;3110001560;17
4834601051000014714;3110001560;17
4836901051500014721;3110001560;17
4839201052000014728;3110001560;17
4841501052500014735;3110001560;17
4843801053000014742;3110001560;17
4846101053500014749;3110001560;17
4848401054000014756;3110001560;17
4850701054500014763;3110001560;17
4853001055000014770;3110001560;17
4855301055500014777;3110001560;17
4857601056000014784;3110001560;17
4859901056500014791;3110001560;17
4862201057000014798;3110001560;17
4864501057500014805;3110001560;17
4866801058000014812;3110001560;17
4869101058500014819;3110001560;17
4871401059000014826;3110001560;17
4873701059500014833;3110001560;16
4876001060000014840;3110001560;17
4878301060500014847;3110001560;17
4880601061000014854;3110001560;17
4882901061500014861;3110001560;17
4885201062000014868;3110001560;17
4887501062500014875;3110001560;17
4889801063000014882;3110001560;17
4892101063500014889;3110001560;16
4894401064000014896;3110001560;17
4896701064500014903;3110001560;17
4899001065000014910;3110001560;17
4901301065500014917;3110001560;17
4903601066000014924;3110001560;17
4905901066500014931;3110001560;17
4908201067000014938;3110001560;17
4910501067500014945;3110001560;16
4912801068000014952;3110001560;17
4915101068500014959;3110001560;17
4917401069000014966;3110001560;17
4919701069500014973;3110001560;17
4922001070000014980;3110001560;17
4924301070500014987;3110001560;17
4926601071000014994;3110001560;17
4928901071500015001;3110001560;17
4931201072000015008;3110001560;17
4933501072500015015;3110001560;17
4935801073000015022;3110001560;16
4938101073500015029;3110001560;17
4940401074000015036;3110001560;17
4942701074500015043;3110001560;17
4945001075000015050;3110001560;17
4947301075500015057;3110001560;17
4949601076000015064;3110001560;17
4951901076500015071;3110001560;17
4954201077000015078;3110001560;16
4956501077500015085;3110001560;17
4958801078000015092;3110001560;17
4961101078500015099;3110001560;17
4963401079000015106;3110001560;17
4965701079500015113;3110001560;17
4968001080000015120;3110001560;17
4970301080500015127;3110001560;17
4972601081000015134;3110001560;16
4974901081500015141;3110001560;17
4977201082000015148;3110001560;17
4979501082500015155;3110001560;17
4981801083000015162;3110001560;17
4984101083500015169;3110001560;17
4986401084000015176;3110001560;17
4988701084500015183;3110001560;17
4991001085000015190;3110001560;17
4993301085500015197;3110001560;17
4995601086000015204;3110001560;17
4997901086500015211;3110001560;17
5000201087000015218;3110001560;17
5002501087500015225;3110001560;17
5004801088000015232;3110001560;17
5007101088500015239;3110001560;17
5009401089000015246;3110001560;17
5011701089500015253;3110001560;17
5014001090000015260;3110001560;17
5016301090500015267;3110001560;16
5018601091000015274;3110001560;17
5020901091500015281;3110001560;17
5023201092000015288;3110001560;17
5025501092500015295;3110001560;17
5027801093000015302;3110001560;17
5030101093500015309;3110001560;17
5032401094000015316;3110001560;17
5034701094500015323;3110001560;16
5037001095000015330;3110001560;17
5039301095500015337;3110001560;17
5041601096000015344;3110001560;17
5043901096500015351;3110001560;17
5046201097000015358;3110001560;17
5048501097500015365;3110001560;17
5050801098000015372;3110001560;17
5053101098500015379;3110001560;16
5055401099000015386;3110001560;17
5057701099500015393;3110001560;17
5060001100000015400;3110001560;17
5062301100500015407;3110001560;17
5064601101000015414;3110001560;17
5066901101500015421;3110001560;17
5069201102000015428;3110001560;17
5071501102500015435;3110001560;17
5073801103000015442;3110001560;17
5076101103500015449;3110001560;17
5078401104000015456;3110001560;16
5080701104500015463;3110001560;17
5083001105000015470;3110001560;17
5085301105500015477;3110001560;17
5087601106000015484;3110001560;17
5089901106500015491;3110001560;17
5092201107000015498;3110001560;17
5094501107500015505;3110001560;17
5096801108000015512;3110001560;16
5099101108500015519;3110001560;17
5101401109000015526;3110001560;17
5103701109500015533;3110001560;17
5106001110000015540;3110001560;17
5108301110500015547;3110001560;17
5110601111000015554;3110001560;17
5112901111500015561;3110001560;17
5115201112000015568;3110001560;16
5117501112500015575;3110001560;17
5119801113000015582;3110001560;17
5122101113500015589;3110001560;17
5124401114000015596;3110001560;17
5126701114500015603;3110001560;17
5129001115000015610;3110001560;17
5131301115500015617;3110001560;17
5133601116000015624;3110001560;17
5135901116500015631;3110001560;17
5138201117000015638;3110001560;17
5140501117500015645;3110001560;17
5142801118000015652;3110001560;17
5145101118500015659;3110001560;17
5147401119000015666;3110001560;17
5149701119500015673;3110001560;17
5152001120000015680;3110001560;17
5154301120500015687;3110001560;17
5156601121000015694;3110001560;17
5158901121500015701;3110001560;16
5161201122000015708;3110001560;17
5163501122500015715;3110001560;17
5165801123000015722;3110001560;17
5168101123500015729;3110001560;17
5170401124000015736;3110001560;17
5172701124500015743;3110001560;17
5175001125000015750;3110001560;17
5177301125500015757;3110001560;16
5179601126000015764;3110001560;17
5181901126500015771;3110001560;17
5184201127000015778;3110001560;17
5186501127500015785;3110001560;17
5188801128000015792;3110001560;17
5191101128500015799;3110001560;17
5193401129000015806;3110001560;17
5195701129500015813;3110001560;16
5198001130000015820;3110001560;17
5200301130500015827;3110001560;17
5202601131000015834;3110001560;17
5204901131500015841;3110001560;17
5207201132000015848;3110001560;17
5209501132500015855;3110001560;17
5211801133000015862;3110001560;17
5214101133500015869;3110001560;17
5216401134000015876;3110001560;17
5218701134500015883;3110001560;17
5221001135000015890;3110001560;17
5223301135500015897;3110001560;17
5225601136000015904;3110001560;17
5227901136500015911;3110001560;17
5230201137000015918;3110001560;17
5232501137500015925;3110001560;17
5234801138000015932;3110001560;17
5237101138500015939;3110001560;17
5239401139000015946;3110001560;17
5241701139500015953;3110001560;17
5244001140000015960;3110001560;17
5246301140500015967;3110001560;17
5248601141000015974;3110001560;17
5250901141500015981;3110001560;17
5253201142000015988;3110001560;17
5255501142500015995;3110001560;17
5257801143000016002;3110001560;17
5260101143500016009;3110001560;17
5262401144000016016;3110001560;17
5264701144500016023;3110001560;17
5267001145000016030;3110001560;17
5269301145500016037;3110001560;17
5271601146000016044;3110001560;17
5273901146500016051;3110001560;17
5276201147000016058;3110001560;17
5278501147500016065;3110001560;17
5280801148000016072;3110001560;17
5283101148500016079;3110001560;17
5285401149000016086;3110001560;17
5287701149500016093;3110001560;17
5290001150000016100;3110001560;17
5292301150500016107;3110001560;17
5294601151000016114;3110001560;17
5296901151500016121;3110001560;17
5299201152000016128;3110001560;17
5301501152500016135;3110001560;17
5303801153000016142;3110001560;17
5306101153500016149;3110001560;17
5308401154000016156;3110001560;17
5310701154500016163;3110001560;17
5313001155000016170;3110001560;17
5315301155500016177;3110001560;17
5317601156000016184;3110001560;17
5319901156500016191;3110001560;17
5322201157000016198;3110001560;17
5324501157500016205;3110001560;17
5326801158000016212;3110001560;17
5329101158500016219;3110001560;17
5331401159000016226;3110001560;17
5333701159500016233;3110001560;17
5336001160000016240;3110001560;17
5338301160500016247;3110001560;17
5340601161000016254;3110001560;17
5342901161500016261;3110001560;17
5345201162000016268;3110001560;17
5347501162500016275;3110001560;17
5349801163000016282;3110001560;17
5352101163500016289;3110001560;17
5354401164000016296;3110001560;17
5356701164500016303;3110001560;17
5359001165000016310;3110001560;17
5361301165500016317;3110001560;17
5363601166000016324;3110001560;17
5365901166500016331;3110001560;17
5368201167000016338;3110001560;17
5370501167500016345;3110001560;17
5372801168000016352;3110001560;17
5375101168500016359;3110001560;17
5377401169000016366;3110001560;17
5379701169500016373;3110001560;17
5382001170000016380;3110001560;17
5384301170500016387;3110001560;17
5386601171000016394;3110001560;17
5388901171500016401;3110001560;17
5391201172000016408;3110001560;17
5393501172500016415;3110001560;17
5395801173000016422;3110001560;17
5398101173500016429;3110001560;17
5400401174000016436;3110001560;17
5402701174500016443;3110001560;17
5405001175000016450;3110001560;17
5407301175500016457;3110001560;17
5409601176000016464;3110001560;17
5411901176500016471;3110001560;17
5414201177000016478;3110001560;17
5416501177500016485;3110001560;17
5418801178000016492;3110001560;17
5421101178500016499;3110001560;17
5423401179000016506;3110001560;17
5425701179500016513;3110001560;17
5428001180000016520;3110001560;17
5430301180500016527;3110001560;17
5432601181000016534;3110001560;17
5434901181500016541;3110001560;17
5437201182000016548;3110001560;17
5439501182500016555;3110001560;17
5441801183000016562;3110001560;17
5444101183500016569;3110001560;17
5446401184000016576;3110001560;17
5448701184500016583;3110001560;17
5451001185000016590;3110001560;17
5453301185500016597;3110001560;17
5455601186000016604;3110001560;17
5457901186500016611;3110001560;17
5460201187000016618;3110001560;17
5462501187500016625;3110001560;17
5464801188000016632;3110001560;17
5467101188500016639;3110001560;17
5469401189000016646;3110001560;17
5471701189500016653;3110001560;17
5474001190000016660;3110001560;17
5476301190500016667;3110001560;17
5478601191000016674;3110001560;17
5480901191500016681;3110001560;17
5483201192000016688;3110001560;17
5485501192500016695;3110001560;17
5487801193000016702;3110001560;17
5490101193500016709;3110001560;17
5492401194000016716;3110001560;17
5494701194500016723;3110001560;17
5497001195000016730;3110001560;17
5499301195500016737;3110001560;17
5501601196000016744;3110001560;17
5503901196500016751;3110001560;17
5506201197000016758;3110001560;17
5508501197500016765;3110001560;17
5510801198000016772;3110001560;17
5513101198500016779;3110001560;17
5515401199000016786;3110001560;17
5517701199500016793;3110001560;17
5520001200000016800;3110001560;17
5522301200500016807;3110001560;17
5524601201000016814;3110001560;17
5526901201500016821;3110001560;17
5529201202000016828;3110001560;17
5531501202500016835;3110001560;17
5533801203000016842;3110001560;17
5536101203500016849;3110001560;17
5538401204000016856;3110001560;17
5540701204500016863;3110001560;17
5543001205000016870;3110001560;17
5545301205500016877;3110001560;17
5547601206000016884;3110001560;17
5549901206500016891;3110001560;17
5552201207000016898;3110001560;17
5554501207500016905;3110001560;17
5556801208000016912;3110001560;17
5559101208500016919;3110001560;17
5561401209000016926;3110001560;17
5563701209500016933;3110001560;17
5566001210000016940;3110001560;17
5568301210500016947;3110001560;17
5570601211000016954;3110001560;17
5572901211500016961;3110001560;17
5575201212000016968;3110001560;17
5577501212500016975;3110001560;17
5579801213000016982;3110001560;17
5582101213500016989;3110001560;17
5584401214000016996;3110001560;17
5586701214500017003;3110001560;17
5589001215000017010;3110001560;17
5591301215500017017;3110001560;17
5593601216000017024;3110001560;17
5595901216500017031;3110001560;17
5598201217000017038;3110001560;17
5600501217500017045;3110001560;17
5602801218000017052;3110001560;17
5605101218500017059;3110001560;17
5607401219000017066;3110001560;17
5609701219500017073;3110001560;17
5612001220000017080;3110001560;17
5614301220500017087;3110001560;17
5616601221000017094;3110001560;17
5618901221500017101;3110001560;17
5621201222000017108;3110001560;17
5623501222500017115;3110001560;17
5625801223000017122;3110001560;17
5628101223500017129;3110001560;17
5630401224000017136;3110001560;17
5632701224500017143;3110001560;17
5635001225000017150;3110001560;17
5637301225500017157;3110001560;17
5639601226000017164;3110001560;17
5641901226500017171;3110001560;17
5644201227000017178;3110001560;17
5646501227500017185;3110001560;17
5648801228000017192;3110001560;17
5651101228500017199;3110001560;17
5653401229000017206;3110001560;17
5655701229500017213;3110001560;17
5658001230000017220;3110001560;17
5660301230500017227;3110001560;17
5662601231000017234;3110001560;17
5664901231500017241;3110001560;17
5667201232000017248;3110001560;17
5669501232500017255;3110001560;17
5671801233000017262;3110001560;17
5674101233500017269;3110001560;17
5676401234000017276;3110001560;17
5678701234500017283;3110001560;17
5681001235000017290;3110001560;17
5683301235500017297;3110001560;17
5685601236000017304;3110001560;17
5687901236500017311;3110001560;17
5690201237000017318;3110001560;17
5692501237500017325;3110001560;17
5694801238000017332;3110001560;17
5697101238500017339;3110001560;17
5699401239000017346;3110001560;17
5701701239500017353;3110001560;17
5704001240000017360;3110001560;17
5706301240500017367;3110001560;17
5708601241000017374;3110001560;17
5710901241500017381;3110001560;17
5713201242000017388;3110001560;17
5715501242500017395;3110001560;17
5717801243000017402;3110001560;17
5720101243500017409;3110001560;17
5722401244000017416;3110001560;17
5724701244500017423;3110001560;17
5727001245000017430;3110001560;17
5729301245500017437;3110001560;17
5731601246000017444;3110001560;17
5733901246500017451;3110001560;17
5736201247000017458;3110001560;17
5738501247500017465;3110001560;17
5740801248000017472;3110001560;17
5743101248500017479;3110001560;17
5745401249000017486;3110001560;17
5747701249500017493;3110001560;17
5750001250000017500;3110001560;17
5752301250500017507;3110001560;17
5754601251000017514;3110001560;17
5756901251500017521;3110001560;17
5759201252000017528;3110001560;17
5761501252500017535;3110001560;17
5763801253000017542;3110001560;17
5766101253500017549;3110001560;17
5768401254000017556;3110001560;17
5770701254500017563;3110001560;17
5773001255000017570;3110001560;17
5775301255500017577;3110001560;17
5777601256000017584;3110001560;17
5779901256500017591;3110001560;17
5782201257000017598;3110001560;17
5784501257500017605;3110001560;17
5786801258000017612;3110001560;17
5789101258500017619;3110001560;17
5791401259000017626;3110001560;17
5793701259500017633;3110001560;17
5796001260000017640;3110001560;17
5798301260500017647;3110001560;17
5800601261000017654;3110001560;17
5802901261500017661;3110001560;17
5805201262000017668;3110001560;17
5807501262500017675;3110001560;17
5809801263000017682;3110001560;17
5812101263500017689;3110001560;17
5814401264000017696;3110001560;17
5816701264500017703;3110001560;17
5819001265000017710;3110001560;17
5821301265500017717;3110001560;17
5823601266000017724;3110001560;17
5825901266500017731;3110001560;17
5828201267000017738;3110001560;17
5830501267500017745;3110001560;17
5832801268000017752;3110001560;17
5835101268500017759;3110001560;17
5837401269000017766;3110001560;17
5839701269500017773;3110001560;17
5842001270000017780;3110001560;17
5844301270500017787;3110001560;17
5846601271000017794;3110001560;17
5848901271500017801;3110001560;17
5851201272000017808;3110001560;17
5853501272500017815;3110001560;17
5855801273000017822;3110001560;17
5858101273500017829;3110001560;17
5860401274000017836;3110001560;17
5862701274500017843;3110001560;17
5865001275000017850;3110001560;17
5867301275500017857;3110001560;17
5869601276000017864;3110001560;17
5871901276500017871;3110001560;17
5874201277000017878;3110001560;17
5876501277500017885;3110001560;17
5878801278000017892;3110001560;17
5881101278500017899;3110001560;17
5883401279000017906;3110001560;17
5885701279500017913;3110001560;17
5888001280000017920;3110001560;17
5890301280500017927;3110001560;17
5892601281000017934;3110001560;17
5894901281500017941;3110001560;17
5897201282000017948;3110001560;17
5899501282500017955;3110001560;17
5901801283000017962;3110001560;17
5904101283500017969;3110001560;17
5906401284000017976;3110001560;17
5908701284500017983;3110001560;17
5911001285000017990;3110001560;17
5913301285500017997;3110001560;17
5915601286000018004;3110001560;17
5917901286500018011;3110001560;17
5920201287000018018;3110001560;17
5922501287500018025;3110001560;17
5924801288000018032;3110001560;17
5927101288500018039;3110001560;17
5929401289000018046;3110001560;17
5931701289500018053;3110001560;17
5934001290000018060;3110001560;17
5936301290500018067;3110001560;17
5938601291000018074;3110001560;17
5940901291500018081;3110001560;17
5943201292000018088;3110001560;17
5945501292500018095;3110001560;17
5947801293000018102;3110001560;17
5950101293500018109;3110001560;17
5952401294000018116;3110001560;17
5954701294500018123;3110001560;17
5957001295000018130;3110001560;17
5959301295500018137;3110001560;17
5961601296000018144;3110001560;17
5963901296500018151;3110001560;17
5966201297000018158;3110001560;17
5968501297500018165;3110001560;17
5970801298000018172;3110001560;17
5973101298500018179;3110001560;17
5975401299000018186;3110001560;17
5977701299500018193;3110001560;17
5980001300000018200;3110001560;17
5982301300500018207;3110001560;17
5984601301000018214;3110001560;17
5986901301500018221;3110001560;17
5989201302000018228;3110001560;17
5991501302500018235;3110001560;17
5993801303000018242;3110001560;17
5996101303500018249;3110001560;17
5998401304000018256;3110001560;17
6000701304500018263;3110001560;17
6003001305000018270;3110001560;17
6005301305500018277;3110001560;17
6007601306000018284;3110001560;17
6009901306500018291;3110001560;17
6012201307000018298;3110001560;17
6014501307500018305;3110001560;17
6016801308000018312;3110001560;17
6019101308500018319;3110001560;17
6021401309000018326;3110001560;17
6023701309500018333;3110001560;17
6026001310000018340;3110001560;17
6028301310500018347;3110001560;17
6030601311000018354;3110001560;17
6032901311500018361;3110001560;17
6035201312000018368;3110001560;17
6037501312500018375;3110001560;17
6039801313000018382;3110001560;17
6042101313500018389;3110001560;17
6044401314000018396;3110001560;17
6046701314500018403;3110001560;17
6049001315000018410;3110001560;17
6051301315500018417;3110001560;17
6053601316000018424;3110001560;17
6055901316500018431;3110001560;17
6058201317000018438;3110001560;17
6060501317500018445;3110001560;17
6062801318000018452;3110001560;17
6065101318500018459;3110001560;17
6067401319000018466;3110001560;17
6069701319500018473;3110001560;17
6072001320000018480;3110001560;17
6074301320500018487;3110001560;17
6076601321000018494;3110001560;17
6078901321500018501;3110001560;17
6081201322000018508;3110001560;17
6083501322500018515;3110001560;17
6085801323000018522;3110001560;17
6088101323500018529;3110001560;17
6090401324000018536;3110001560;17
6092701324500018543;3110001560;17
6095001325000018550;3110001560;17
6097301325500018557;3110001560;17
6099601326000018564;3110001560;17
6101901326500018571;3110001560;17
6104201327000018578;3110001560;17
6106501327500018585;3110001560;17
6108801328000018592;3110001560;17
6111101328500018599;3110001560;17
6113401329000018606;3110001560;17
6115701329500018613;3110001560;17
6118001330000018620;3110001560;17
6120301330500018627;3110001560;17
6122601331000018634;3110001560;17
6124901331500018641;3110001560;17
6127201332000018648;3110001560;17
6129501332500018655;3110001560;17
6131801333000018662;3110001560;17
6134101333500018669;3110001560;17
6136401334000018676;3110001560;17
6138701334500018683;3110001560;17
6141001335000018690;3110001560;17
6143301335500018697;3110001560;17
6145601336000018704;3110001560;17
6147901336500018711;3110001560;17
6150201337000018718;3110001560;17
6152501337500018725;3110001560;17
6154801338000018732;3110001560;17
6157101338500018739;3110001560;17
6159401339000018746;3110001560;17
6161701339500018753;3110001560;17
6164001340000018760;3110001560;17
6166301340500018767;3110001560;17
6168601341000018774;3110001560;17
6170901341500018781;3110001560;17
6173201342000018788;3110001560;17
6175501342500018795;3110001560;17
6177801343000018802;3110001560;17
6180101343500018809;3110001560;17
6182401344000018816;3110001560;17
6184701344500018823;3110001560;17
6187001345000018830;3110001560;17
6189301345500018837;3110001560;17
6191601346000018844;3110001560;17
6193901346500018851;3110001560;17
6196201347000018858;3110001560;17
6198501347500018865;3110001560;17
6200801348000018872;3110001560;17
6203101348500018879;3110001560;17
6205401349000018886;3110001560;17
6207701349500018893;3110001560;17
6210001350000018900;3110001560;17
6212301350500018907;3110001560;17
6214601351000018914;3110001560;17
6216901351500018921;3110001560;17
6219201352000018928;3110001560;17
6221501352500018935;3110001560;17
6223801353000018942;3110001560;17
6226101353500018949;3110001560;17
6228401354000018956;3110001560;17
6230701354500018963;3110001560;17
6233001355000018970;3110001560;17
6235301355500018977;3110001560;17
6237601356000018984;3110001560;17
6239901356500018991;3110001560;17
6242201357000018998;3110001560;17
6244501357500019005;3110001560;17
6246801358000019012;3110001560;17
6249101358500019019;3110001560;17
6251401359000019026;3110001560;17
6253701359500019033;3110001560;17
6256001360000019040;3110001560;17
6258301360500019047;3110001560;17
6260601361000019054;3110001560;17
6262901361500019061;3110001560;17
6265201362000019068;3110001560;17
6267501362500019075;3110001560;17
6269801363000019082;3110001560;17
6272101363500019089;3110001560;17
6274401364000019096;3110001560;17
6276701364500019103;3110001560;17
6279001365000019110;3110001560;17
6281301365500019117;3110001560;17
6283601366000019124;3110001560;17
6285901366500019131;3110001560;17
6288201367000019138;3110001560;17
6290501367500019145;3110001560;17
6292801368000019152;3110001560;17
6295101368500019159;3110001560;17
6297401369000019166;3110001560;17
6299701369500019173;3110001560;17
6302001370000019180;3110001560;17
6304301370500019187;3110001560;17
6306601371000019194;3110001560;17
6308901371500019201;3110001560;17
6311201372000019208;3110001560;17
6313501372500019215;3110001560;17
6315801373000019222;3110001560;17
6318101373500019229;3110001560;17
6320401374000019236;3110001560;17
6322701374500019243;3110001560;17
6325001375000019250;3110001560;17
6327301375500019257;3110001560;17
6329601376000019264;3110001560;17
6331901376500019271;3110001560;17
6334201377000019278;3110001560;17
6336501377500019285;3110001560;17
6338801378000019292;3110001560;17
6341101378500019299;3110001560;17
6343401379000019306;3110001560;17
6345701379500019313;3110001560;17
6348001380000019320;3110001560;17
6350301380500019327;3110001560;17
6352601381000019334;3110001560;17
6354901381500019341;3110001560;17
6357201382000019348;3110001560;17
6359501382500019355;3110001560;17
6361801383000019362;3110001560;17
6364101383500019369;3110001560;17
6366401384000019376;3110001560;17
6368701384500019383;3110001560;17
6371001385000019390;3110001560;17
6373301385500019397;3110001560;17
6375601386000019404;3110001560;17
6377901386500019411;3110001560;17
6380201387000019418;3110001560;17
6382501387500019425;3110001560;17
6384801388000019432;3110001560;17
6387101388500019439;3110001560;17
6389401389000019446;3110001560;17
6391701389500019453;3110001560;17
6394001390000019460;3110001560;17
6396301390500019467;3110001560;17
6398601391000019474;3110001560;17
6400901391500019481;3110001560;17
6403201392000019488;3110001560;17
6405501392500019495;3110001560;17
6407801393000019502;3110001560;17
6410101393500019509;3110001560;17
6412401394000019516;3110001560;17
6414701394500019523;3110001560;17
6417001395000019530;3110001560;17
6419301395500019537;3110001560;17
6421601396000019544;3110001560;17
6423901396500019551;3110001560;17
6426201397000019558;3110001560;17
6428501397500019565;3110001560;17
6430801398000019572;3110001560;17
6433101398500019579;3110001560;17
6435401399000019586;3110001560;17
6437701399500019593;3110001560;17
6440001400000019600;3110001560;17
6442301400500019607;3110001560;17
6444601401000019614;3110001560;17
6446901401500019621;3110001560;17
6449201402000019628;3110001560;17
6451501402500019635;3110001560;17
6453801403000019642;3110001560;17
6456101403500019649;3110001560;17
6458401404000019656;3110001560;17
6460701404500019663;3110001560;17
6463001405000019670;3110001560;17
6465301405500019677;3110001560;17
6467601406000019684;3110001560;17
6469901406500019691;3110001560;17
6472201407000019698;3110001560;17
6474501407500019705;3110001560;17
6476801408000019712;3110001560;17
6479101408500019719;3110001560;17
6481401409000019726;3110001560;17
6483701409500019733;3110001560;17
6486001410000019740;3110001560;17
6488301410500019747;3110001560;17
6490601411000019754;3110001560;17
6492901411500019761;3110001560;17
6495201412000019768;3110001560;17
6497501412500019775;3110001560;17
6499801413000019782;3110001560;17
6502101413500019789;3110001560;17
6504401414000019796;3110001560;17
6506701414500019803;3110001560;17
6509001415000019810;3110001560;17
6511301415500019817;3110001560;17
6513601416000019824;3110001560;17
6515901416500019831;3110001560;17
6518201417000019838;3110001560;17
6520501417500019845;3110001560;17
6522801418000019852;3110001560;17
6525101418500019859;3110001560;17
6527401419000019866;3110001560;17
6529701419500019873;3110001560;17
6532001420000019880;3110001560;17
6534301420500019887;3110001560;17
6536601421000019894;3110001560;17
6538901421500019901;3110001560;17
6541201422000019908;3110001560;17
6543501422500019915;3110001560;17
6545801423000019922;3110001560;17
6548101423500019929;3110001560;17
6550401424000019936;3110001560;17
6552701424500019943;3110001560;17
6555001425000019950;3110001560;17
6557301425500019957;3110001560;17
6559601426000019964;3110001560;17
6561901426500019971;3110001560;17
6564201427000019978;3110001560;17
6566501427500019985;3110001560;17
6568801428000019992;3110001560;17
6571101428500019999;3110001560;17
6573401429000020006;3110001560;17
6575701429500020013;3110001560;17
6578001430000020020;3110001560;17
6580301430500020027;3110001560;17
6582601431000020034;3110001560;17
6584901431500020041;3110001560;17
6587201432000020048;3110001560;17
6589501432500020055;3110001560;17
6591801433000020062;3110001560;17
6594101433500020069;3110001560;17
6596401434000020076;3110001560;17
6598701434500020083;3110001560;17
6601001435000020090;3110001560;17
6603301435500020097;3110001560;17
6605601436000020104;3110001560;17
6607901436500020111;3110001560;17
6610201437000020118;3110001560;17
6612501437500020125;3110001560;17
6614801438000020132;3110001560;17
6617101438500020139;3110001560;17
6619401439000020146;3110001560;17
6621701439500020153;3110001560;17
6624001440000020160;3110001560;17
6626301440500020167;3110001560;17
6628601441000020174;3110001560;17
6630901441500020181;3110001560;17
6633201442000020188;3110001560;17
6635501442500020195;3110001560;17
6637801443000020202;3110001560;17
6640101443500020209;3110001560;17
6642401444000020216;3110001560;17
6644701444500020223;3110001560;17
6647001445000020230;3110001560;17
6649301445500020237;3110001560;17
6651601446000020244;3110001560;17
6653901446500020251;3110001560;17
6656201447000020258;3110001560;17
6658501447500020265;3110001560;17
6660801448000020272;3110001560;17
6663101448500020279;3110001560;17
6665401449000020286;3110001560;17
6667701449500020293;3110001560;17
6670001450000020300;3110001560;17
6672301450500020307;3110001560;17
6674601451000020314;3110001560;17
6676901451500020321;3110001560;17
6679201452000020328;3110001560;17
6681501452500020335;3110001560;17
6683801453000020342;3110001560;17
6686101453500020349;3110001560;17
6688401454000020356;3110001560;17
6690701454500020363;3110001560;17
6693001455000020370;3110001560;17
6695301455500020377;3110001560;17
6697601456000020384;3110001560;17
6699901456500020391;3110001560;17
6702201457000020398;3110001560;17
6704501457500020405;3110001560;17
6706801458000020412;3110001560;17
6709101458500020419;3110001560;17
6711401459000020426;3110001560;17
6713701459500020433;3110001560;17
6716001460000020440;3110001560;17
6718301460500020447;3110001560;17
6720601461000020454;3110001560;17
6722901461500020461;3110001560;17
6725201462000020468;3110001560;17
6727501462500020475;3110001560;17
6729801463000020482;3110001560;17
6732101463500020489;3110001560;17
6734401464000020496;3110001560;17
6736701464500020503;3110001560;17
6739001465000020510;3110001560;17
6741301465500020517;3110001560;17
6743601466000020524;3110001560;17
6745901466500020531;3110001560;17
6748201467000020538;3110001560;17
6750501467500020545;3110001560;17
6752801468000020552;3110001560;17
6755101468500020559;3110001560;17
6757401469000020566;3110001560;17
6759701469500020573;3110001560;17
6762001470000020580;3110001560;17
6764301470500020587;3110001560;17
6766601471000020594;3110001560;17
6768901471500020601;3110001560;17
6771201472000020608;3110001560;17
6773501472500020615;3110001560;17
6775801473000020622;3110001560;17
6778101473500020629;3110001560;17
6780401474000020636;3110001560;17
6782701474500020643;3110001560;17
6785001475000020650;3110001560;17
6787301475500020657;3110001560;17
6789601476000020664;3110001560;17
6791901476500020671;3110001560;17
6794201477000020678;3110001560;17
6796501477500020685;3110001560;17
6798801478000020692;3110001560;17
6801101478500020699;3110001560;17
6803401479000020706;3110001560;17
6805701479500020713;3110001560;17
6808001480000020720;3110001560;17
6810301480500020727;3110001560;17
6812601481000020734;3110001560;17
6814901481500020741;3110001560;17
6817201482000020748;3110001560;17
6819501482500020755;3110001560;17
6821801483000020762;3110001560;17
6824101483500020769;3110001560;17
6826401484000020776;3110001560;17
6828701484500020783;3110001560;17
6831001485000020790;3110001560;17
6833301485500020797;3110001560;17
6835601486000020804;3110001560;17
6837901486500020811;3110001560;17
6840201487000020818;3110001560;17
6842501487500020825;3110001560;17
6844801488000020832;3110001560;17
6847101488500020839;3110001560;17
6849401489000020846;3110001560;17
6851701489500020853;3110001560;17
6854001490000020860;3110001560;17
6856301490500020867;3110001560;17
6858601491000020874;3110001560;17
6860901491500020881;3110001560;17
6863201492000020888;3110001560;17
6865501492500020895;3110001560;17
6867801493000020902;3110001560;17
6870101493500020909;3110001560;17
6872401494000020916;3110001560;17
6874701494500020923;3110001560;17
6877001495000020930;3110001560;17
6879301495500020937;3110001560;17
6881601496000020944;3110001560;17
6883901496500020951;3110001560;17
6886201497000020958;3110001560;17
6888501497500020965;3110001560;17
6890801498000020972;3110001560;17
6893101498500020979;3110001560;17
6895401499000020986;3110001560;17
6897701499500020993;3110001560;17
6900001500000021000;3110001560;17
6902301500500021007;3110001560;17
6904601501000021014;3110001560;17
6906901501500021021;3110001560;17
6909201502000021028;3110001560;17
6911501502500021035;3110001560;17
6913801503000021042;3110001560;17
6916101503500021049;3110001560;17
6918401504000021056;3110001560;17
6920701504500021063;3110001560;17
6923001505000021070;3110001560;17
6925301505500021077;3110001560;17
6927601506000021084;3110001560;17
6929901506500021091;3110001560;17
6932201507000021098;3110001560;17
6934501507500021105;3110001560;17
6936801508000021112;3110001560;17
6939101508500021119;3110001560;17
6941401509000021126;3110001560;17
6943701509500021133;3110001560;17
6946001510000021140;3110001560;17
6948301510500021147;3110001560;17
6950601511000021154;3110001560;17
6952901511500021161;3110001560;17
6955201512000021168;3110001560;17
6957501512500021175;3110001560;17
6959801513000021182;3110001560;17
6962101513500021189;3110001560;17
6964401514000021196;3110001560;17
6966701514500021203;3110001560;17
6969001515000021210;3110001560;17
6971301515500021217;3110001560;17
6973601516000021224;3110001560;17
6975901516500021231;3110001560;17
6978201517000021238;3110001560;17
6980501517500021245;3110001560;17
6982801518000021252;3110001560;17
6985101518500021259;3110001560;17
6987401519000021266;3110001560;17
6989701519500021273;3110001560;17
6992001520000021280;3110001560;17
6994301520500021287;3110001560;17
6996601521000021294;3110001560;17
6998901521500021301;3110001560;17
7001201522000021308;3110001560;17
7003501522500021315;3110001560;17
7005801523000021322;3110001560;17
7008101523500021329;3110001560;17
7010401524000021336;3110001560;17
7012701524500021343;3110001560;17
7015001525000021350;3110001560;17
7017301525500021357;3110001560;17
7019601526000021364;3110001560;17
7021901526500021371;3110001560;17
7024201527000021378;3110001560;17
7026501527500021385;3110001560;17
7028801528000021392;3110001560;17
7031101528500021399;3110001560;17
7033401529000021406;3110001560;17
7035701529500021413;3110001560;17
7038001530000021420;3110001560;17
7040301530500021427;3110001560;17
7042601531000021434;3110001560;17
7044901531500021441;3110001560;17
7047201532000021448;3110001560;17
7049501532500021455;3110001560;17
7051801533000021462;3110001560;17
7054101533500021469;3110001560;17
7056401534000021476;3110001560;17
7058701534500021483;3110001560;17
7061001535000021490;3110001560;17
7063301535500021497;3110001560;17
7065601536000021504;3110001560;17
7067901536500021511;3110001560;17
7070201537000021518;3110001560;17
7072501537500021525;3110001560;17
7074801538000021532;3110001560;17
7077101538500021539;3110001560;17
7079401539000021546;3110001560;17
7081701539500021553;3110001560;17
7084001540000021560;3110001560;17
7086301540500021567;3110001560;17
7088601541000021574;3110001560;17
7090901541500021581;3110001560;17
7093201542000021588;3110001560;17
7095501542500021595;3110001560;17
7097801543000021602;3110001560;17
7100101543500021609;3110001560;17
7102401544000021616;3110001560;17
7104701544500021623;3110001560;17
7107001545000021630;3110001560;17
7109301545500021637;3110001560;17
7111601546000021644;3110001560;17
7113901546500021651;3110001560;17
7116201547000021658;3110001560;17
7118501547500021665;3110001560;17
7120801548000021672;3110001560;17
7123101548500021679;3110001560;17
7125401549000021686;3110001560;17
7127701549500021693;3110001560;17
7130001550000021700;3110001560;17
7132301550500021707;3110001560;17
7134601551000021714;3110001560;17
7136901551500021721;3110001560;17
7139201552000021728;3110001560;17
7141501552500021735;3110001560;17
7143801553000021742;3110001560;17
7146101553500021749;3110001560;17
7148401554000021756;3110001560;17
7150701554500021763;3110001560;17
7153001555000021770;3110001560;17
7155301555500021777;3110001560;17
7157601556000021784;3110001560;17
7159901556500021791;3110001560;17
7162201557000021798;3110001560;17
7164501557500021805;3110001560;17
7166801558000021812;3110001560;17
7169101558500021819;3110001560;17
7171401559000021826;3110001560;17
7173701559500021833;3110001560;17
7176001560000021840;3110001560;17
7178301560500021847;3110001560;17
7180601561000021854;3110001560;17
7182901561500021861;3110001560;17
7185201562000021868;3110001560;17
7187501562500021875;3110001560;17
7189801563000021882;3110001560;17
7192101563500021889;3110001560;17
7194401564000021896;3110001560;17
7196701564500021903;3110001560;17
7199001565000021910;3110001560;17
7201301565500021917;3110001560;17
7203601566000021924;3110001560;17
7205901566500021931;3110001560;17
7208201567000021938;3110001560;17
7210501567500021945;3110001560;17
7212801568000021952;3110001560;17
7215101568500021959;3110001560;17
7217401569000021966;3110001560;17
7219701569500021973;3110001560;17
7222001570000021980;3110001560;17
7224301570500021987;3110001560;17
7226601571000021994;3110001560;17
7228901571500022001;3110001560;17
7231201572000022008;3110001560;17
7233501572500022015;3110001560;17
7235801573000022022;3110001560;17
7238101573500022029;3110001560;17
7240401574000022036;3110001560;17
7242701574500022043;3110001560;17
7245001575000022050;3110001560;17
7247301575500022057;3110001560;17
7249601576000022064;3110001560;17
7251901576500022071;3110001560;17
7254201577000022078;3110001560;17
7256501577500022085;3110001560;17
7258801578000022092;3110001560;17
7261101578500022099;3110001560;17
7263401579000022106;3110001560;17
7265701579500022113;3110001560;17
7268001580000022120;3110001560;17
7270301580500022127;3110001560;17
7272601581000022134;3110001560;17
7274901581500022141;3110001560;17
7277201582000022148;3110001560;17
7279501582500022155;3110001560;17
7281801583000022162;3110001560;17
7284101583500022169;3110001560;17
7286401584000022176;3110001560;17
7288701584500022183;3110001560;17
7291001585000022190;3110001560;17
7293301585500022197;3110001560;17
7295601586000022204;3110001560;17
7297901586500022211;3110001560;17
7300201587000022218;3110001560;17
7302501587500022225;3110001560;17
7304801588000022232;3110001560;17
7307101588500022239;3110001560;17
7309401589000022246;3110001560;17
7311701589500022253;3110001560;17
7314001590000022260;3110001560;17
7316301590500022267;3110001560;17
7318601591000022274;3110001560;17
7320901591500022281;3110001560;17
7323201592000022288;3110001560;17
7325501592500022295;3110001560;17
7327801593000022302;3110001560;17
7330101593500022309;3110001560;17
7332401594000022316;3110001560;17
7334701594500022323;3110001560;17
7337001595000022330;3110001560;17
7339301595500022337;3110001560;17
7341601596000022344;3110001560;17
7343901596500022351;3110001560;17
7346201597000022358;3110001560;17
7348501597500022365;3110001560;17
7350801598000022372;3110001560;17
7353101598500022379;3110001560;17
7355401599000022386;3110001560;17
7357701599500022393;3110001560;17
7360001600000022400;3110001560;17
7362301600500022407;3110001560;17
7364601601000022414;3110001560;17
7366901601500022421;3110001560;17
7369201602000022428;3110001560;17
7371501602500022435;3110001560;17
7373801603000022442;3110001560;17
7376101603500022449;3110001560;17
7378401604000022456;3110001560;17
7380701604500022463;3110001560;17
7383001605000022470;3110001560;17
7385301605500022477;3110001560;17
7387601606000022484;3110001560;17
7389901606500022491;3110001560;17
7392201607000022498;3110001560;17
7394501607500022505;3110001560;17
7396801608000022512;3110001560;17
7399101608500022519;3110001560;17
7401401609000022526;3110001560;17
7403701609500022533;3110001560;17
7406001610000022540;3110001560;17
7408301610500022547;3110001560;17
7410601611000022554;3110001560;17
7412901611500022561;3110001560;17
7415201612000022568;3110001560;17
7417501612500022575;3110001560;17
7419801613000022582;3110001560;17
7422101613500022589;3110001560;17
7424401614000022596;3110001560;17
7426701614500022603;3110001560;17
7429001615000022610;3110001560;17
7431301615500022617;3110001560;17
7433601616000022624;3110001560;17
7435901616500022631;3110001560;17
7438201617000022638;3110001560;17
7440501617500022645;3110001560;17
7442801618000022652;3110001560;17
7445101618500022659;3110001560;17
7447401619000022666;3110001560;17
7449701619500022673;3110001560;17
7452001620000022680;3110001560;17
7454301620500022687;3110001560;17
7456601621000022694;3110001560;17
7458901621500022701;3110001560;17
7461201622000022708;3110001560;17
7463501622500022715;3110001560;17
7465801623000022722;3110001560;17
7468101623500022729;3110001560;17
7470401624000022736;3110001560;17
7472701624500022743;3110001560;17
7475001625000022750;3110001560;17
7477301625500022757;3110001560;17
7479601626000022764;3110001560;17
7481901626500022771;3110001560;17
7484201627000022778;3110001560;17
7486501627500022785;3110001560;17
7488801628000022792;3110001560;17
7491101628500022799;3110001560;17
7493401629000022806;3110001560;17
7495701629500022813;3110001560;17
7498001630000022820;3110001560;17
7500301630500022827;3110001560;17
7502601631000022834;3110001560;17
7504901631500022841;3110001560;17
7507201632000022848;3110001560;17
7509501632500022855;3110001560;17
7511801633000022862;3110001560;17
7514101633500022869;3110001560;17
7516401634000022876;3110001560;17
7518701634500022883;3110001560;17
7521001635000022890;3110001560;17
7523301635500022897;3110001560;17
7525601636000022904;3110001560;17
7527901636500022911;3110001560;17
7530201637000022918;3110001560;17
7532501637500022925;3110001560;17
7534801638000022932;3110001560;17
7537101638500022939;3110001560;17
7539401639000022946;3110001560;17
7541701639500022953;3110001560;17
7544001640000022960;3110001560;17
7546301640500022967;3110001560;17
7548601641000022974;3110001560;17
7550901641500022981;3110001560;17
7553201642000022988;3110001560;17
7555501642500022995;3110001560;17
7557801643000023002;3110001560;18
7560101643500023009;3110001560;17
7562401644000023016;3110001560;17
7564701644500023023;3110001560;17
7567001645000023030;3110001560;17
7569301645500023037;3110001560;17
7571601646000023044;3110001560;17
7573901646500023051;3110001560;17
7576201647000023058;3110001560;18
7578501647500023065;3110001560;17
7580801648000023072;3110001560;17
7583101648500023079;3110001560;17
7585401649000023086;3110001560;17
7587701649500023093;3110001560;17
7590001650000023100;3110001560;17
7592301650500023107;3110001560;17
7594601651000023114;3110001560;17
7596901651500023121;3110001560;17
7599201652000023128;3110001560;17
7601501652500023135;3110001560;17
7603801653000023142;3110001560;17
7606101653500023149;3110001560;17
7608401654000023156;3110001560;17
7610701654500023163;3110001560;17
7613001655000023170;3110001560;17
7615301655500023177;3110001560;17
7617601656000023184;3110001560;17
7619901656500023191;3110001560;17
7622201657000023198;3110001560;17
7624501657500023205;3110001560;17
7626801658000023212;3110001560;17
7629101658500023219;3110001560;17
7631401659000023226;3110001560;17
7633701659500023233;3110001560;17
7636001660000023240;3110001560;17
7638301660500023247;3110001560;18
7640601661000023254;3110001560;17
7642901661500023261;3110001560;17
7645201662000023268;3110001560;17
7647501662500023275;3110001560;17
7649801663000023282;3110001560;17
7652101663500023289;3110001560;17
7654401664000023296;3110001560;17
7656701664500023303;3110001560;17
7659001665000023310;3110001560;17
7661301665500023317;3110001560;17
7663601666000023324;3110001560;17
7665901666500023331;3110001560;17
7668201667000023338;3110001560;17
7670501667500023345;3110001560;17
7672801668000023352;3110001560;17
7675101668500023359;3110001560;17
7677401669000023366;3110001560;17
7679701669500023373;3110001560;17
7682001670000023380;3110001560;17
7684301670500023387;3110001560;17
7686601671000023394;3110001560;17
7688901671500023401;3110001560;17
7691201672000023408;3110001560;17
7693501672500023415;3110001560;17
7695801673000023422;3110001560;17
7698101673500023429;3110001560;17
7700401674000023436;3110001560;18
7702701674500023443;3110001560;17
7705001675000023450;3110001560;17
7707301675500023457;3110001560;17
7709601676000023464;3110001560;17
7711901676500023471;3110001560;17
7714201677000023478;3110001560;17
7716501677500023485;3110001560;17
7718801678000023492;3110001560;18
7721101678500023499;3110001560;17
7723401679000023506;3110001560;17
7725701679500023513;3110001560;17
7728001680000023520;3110001560;17
7730301680500023527;3110001560;17
7732601681000023534;3110001560;17
7734901681500023541;3110001560;17
7737201682000023548;3110001560;17
7739501682500023555;3110001560;17
7741801683000023562;3110001560;17
7744101683500023569;3110001560;17
7746401684000023576;3110001560;17
7748701684500023583;3110001560;17
7751001685000023590;3110001560;17
7753301685500023597;3110001560;17
7755601686000023604;3110001560;17
7757901686500023611;3110001560;17
7760201687000023618;3110001560;17
7762501687500023625;3110001560;17
7764801688000023632;3110001560;17
7767101688500023639;3110001560;17
7769401689000023646;3110001560;17
7771701689500023653;3110001560;17
7774001690000023660;3110001560;17
7776301690500023667;3110001560;17
7778601691000023674;3110001560;17
7780901691500023681;3110001560;18
7783201692000023688;3110001560;17
7785501692500023695;3110001560;17
7787801693000023702;3110001560;17
7790101693500023709;3110001560;17
7792401694000023716;3110001560;17
7794701694500023723;3110001560;17
7797001695000023730;3110001560;17
7799301695500023737;3110001560;17
7801601696000023744;3110001560;17
7803901696500023751;3110001560;17
7806201697000023758;3110001560;17
7808501697500023765;3110001560;17
7810801698000023772;3110001560;17
7813101698500023779;3110001560;17
7815401699000023786;3110001560;17
7817701699500023793;3110001560;17
7820001700000023800;3110001560;17
7822301700500023807;3110001560;17
7824601701000023814;3110001560;17
7826901701500023821;3110001560;17
7829201702000023828;3110001560;17
7831501702500023835;3110001560;17
7833801703000023842;3110001560;17
7836101703500023849;3110001560;17
7838401704000023856;3110001560;17
7840701704500023863;3110001560;17
7843001705000023870;3110001560;18
7845301705500023877;3110001560;17
7847601706000023884;3110001560;17
7849901706500023891;3110001560;17
7852201707000023898;3110001560;17
7854501707500023905;3110001560;17
7856801708000023912;3110001560;17
7859101708500023919;3110001560;17
7861401709000023926;3110001560;18
7863701709500023933;3110001560;17
7866001710000023940;3110001560;17
7868301710500023947;3110001560;17
7870601711000023954;3110001560;17
7872901711500023961;3110001560;17
7875201712000023968;3110001560;17
7877501712500023975;3110001560;17
7879801713000023982;3110001560;17
7882101713500023989;3110001560;17
7884401714000023996;3110001560;17
7886701714500024003;3110001560;17
7889001715000024010;3110001560;17
7891301715500024017;3110001560;17
7893601716000024024;3110001560;17
7895901716500024031;3110001560;17
7898201717000024038;3110001560;17
7900501717500024045;3110001560;17
7902801718000024052;3110001560;17
7905101718500024059;3110001560;17
7907401719000024066;3110001560;17
7909701719500024073;3110001560;17
7912001720000024080;3110001560;17
7914301720500024087;3110001560;17
7916601721000024094;3110001560;17
7918901721500024101;3110001560;17
7921201722000024108;3110001560;17
7923501722500024115;3110001560;18
7925801723000024122;3110001560;17
7928101723500024129;3110001560;17
7930401724000024136;3110001560;17
7932701724500024143;3110001560;17
7935001725000024150;3110001560;17
7937301725500024157;3110001560;17
7939601726000024164;3110001560;17
7941901726500024171;3110001560;17
7944201727000024178;3110001560;17
7946501727500024185;3110001560;17
7948801728000024192;3110001560;17
7951101728500024199;3110001560;17
7953401729000024206;3110001560;17
7955701729500024213;3110001560;17
7958001730000024220;3110001560;17
7960301730500024227;3110001560;17
7962601731000024234;3110001560;17
7964901731500024241;3110001560;17
7967201732000024248;3110001560;17
7969501732500024255;3110001560;17
7971801733000024262;3110001560;17
7974101733500024269;3110001560;17
7976401734000024276;3110001560;17
7978701734500024283;3110001560;17
7981001735000024290;3110001560;17
7983301735500024297;3110001560;17
7985601736000024304;3110001560;18
7987901736500024311;3110001560;17
7990201737000024318;3110001560;17
7992501737500024325;3110001560;17
7994801738000024332;3110001560;17
7997101738500024339;3110001560;17
7999401739000024346;3110001560;17
8001701739500024353;3110001560;17
8004001740000024360;3110001560;18
8006301740500024367;3110001560;17
8008601741000024374;3110001560;17
8010901741500024381;3110001560;17
8013201742000024388;3110001560;17
8015501742500024395;3110001560;17
8017801743000024402;3110001560;17
8020101743500024409;3110001560;17
8022401744000024416;3110001560;17
8024701744500024423;3110001560;17
8027001745000024430;3110001560;17
8029301745500024437;3110001560;17
8031601746000024444;3110001560;17
8033901746500024451;3110001560;17
8036201747000024458;3110001560;17
8038501747500024465;3110001560;17
8040801748000024472;3110001560;17
8043101748500024479;3110001560;17
8045401749000024486;3110001560;17
8047701749500024493;3110001560;17
8050001750000024500;3110001560;17
8052301750500024507;3110001560;17
8054601751000024514;3110001560;17
8056901751500024521;3110001560;17
8059201752000024528;3110001560;17
8061501752500024535;3110001560;17
8063801753000024542;3110001560;17
8066101753500024549;3110001560;18
8068401754000024556;3110001560;17
8070701754500024563;3110001560;17
8073001755000024570;3110001560;17
8075301755500024577;3110001560;17
8077601756000024584;3110001560;17
8079901756500024591;3110001560;17
8082201757000024598;3110001560;17
8084501757500024605;3110001560;17
8086801758000024612;3110001560;17
8089101758500024619;3110001560;17
8091401759000024626;3110001560;17
8093701759500024633;3110001560;17
8096001760000024640;3110001560;17
8098301760500024647;3110001560;17
8100601761000024654;3110001560;17
8102901761500024661;3110001560;17
8105201762000024668;3110001560;17
8107501762500024675;3110001560;17
8109801763000024682;3110001560;17
8112101763500024689;3110001560;17
8114401764000024696;3110001560;17
8116701764500024703;3110001560;17
8119001765000024710;3110001560;17
8121301765500024717;3110001560;17
8123601766000024724;3110001560;17
8125901766500024731;3110001560;17
8128201767000024738;3110001560;18
8130501767500024745;3110001560;17
8132801768000024752;3110001560;17
8135101768500024759;3110001560;17
8137401769000024766;3110001560;17
8139701769500024773;3110001560;17
8142001770000024780;3110001560;17
8144301770500024787;3110001560;17
8146601771000024794;3110001560;18
8148901771500024801;3110001560;17
8151201772000024808;3110001560;17
8153501772500024815;3110001560;17
8155801773000024822;3110001560;17
8158101773500024829;3110001560;17
8160401774000024836;3110001560;17
8162701774500024843;3110001560;17
8165001775000024850;3110001560;17
8167301775500024857;3110001560;17
8169601776000024864;3110001560;17
8171901776500024871;3110001560;17
8174201777000024878;3110001560;17
8176501777500024885;3110001560;17
8178801778000024892;3110001560;17
8181101778500024899;3110001560;17
8183401779000024906;3110001560;17
8185701779500024913;3110001560;17
8188001780000024920;3110001560;17
8190301780500024927;3110001560;17
8192601781000024934;3110001560;17
8194901781500024941;3110001560;17
8197201782000024948;3110001560;17
8199501782500024955;3110001560;17
8201801783000024962;3110001560;17
8204101783500024969;3110001560;17
8206401784000024976;3110001560;17
8208701784500024983;3110001560;18
8211001785000024990;3110001560;17
8213301785500024997;3110001560;17
8215601786000025004;3110001560;17
8217901786500025011;3110001560;17
8220201787000025018;3110001560;17
8222501787500025025;3110001560;17
8224801788000025032;3110001560;17
8227101788500025039;3110001560;17
8229401789000025046;3110001560;17
8231701789500025053;3110001560;17
8234001790000025060;3110001560;17
8236301790500025067;3110001560;17
8238601791000025074;3110001560;17
8240901791500025081;3110001560;17
8243201792000025088;3110001560;17
8245501792500025095;3110001560;17
8247801793000025102;3110001560;17
8250101793500025109;3110001560;17
8252401794000025116;3110001560;17
8254701794500025123;3110001560;17
8257001795000025130;3110001560;17
8259301795500025137;3110001560;17
8261601796000025144;3110001560;17
8263901796500025151;3110001560;17
8266201797000025158;3110001560;17
8268501797500025165;3110001560;17
8270801798000025172;3110001560;18
8273101798500025179;3110001560;17
8275401799000025186;3110001560;17
8277701799500025193;3110001560;17
8280001800000025200;3110001560;17
8282301800500025207;3110001560;17
8284601801000025214;3110001560;17
8286901801500025221;3110001560;17
8289201802000025228;3110001560;18
8291501802500025235;3110001560;17
8293801803000025242;3110001560;17
8296101803500025249;3110001560;17
8298401804000025256;3110001560;17
8300701804500025263;3110001560;17
8303001805000025270;3110001560;17
8305301805500025277;3110001560;17
8307601806000025284;3110001560;17
8309901806500025291;3110001560;17
8312201807000025298;3110001560;17
8314501807500025305;3110001560;17
8316801808000025312;3110001560;17
8319101808500025319;3110001560;17
8321401809000025326;3110001560;17
8323701809500025333;3110001560;17
8326001810000025340;3110001560;17
8328301810500025347;3110001560;17
8330601811000025354;3110001560;17
8332901811500025361;3110001560;17
8335201812000025368;3110001560;17
8337501812500025375;3110001560;17
8339801813000025382;3110001560;17
8342101813500025389;3110001560;17
8344401814000025396;3110001560;17
8346701814500025403;3110001560;17
8349001815000025410;3110001560;17
8351301815500025417;3110001560;18
8353601816000025424;3110001560;17
8355901816500025431;3110001560;17
8358201817000025438;3110001560;17
8360501817500025445;3110001560;17
8362801818000025452;3110001560;17
8365101818500025459;3110001560;17
8367401819000025466;3110001560;17
8369701819500025473;3110001560;17
8372001820000025480;3110001560;17
8374301820500025487;3110001560;17
8376601821000025494;3110001560;17
8378901821500025501;3110001560;17
8381201822000025508;3110001560;17
8383501822500025515;3110001560;17
8385801823000025522;3110001560;17
8388101823500025529;3110001560;17
8390401824000025536;3110001560;17
8392701824500025543;3110001560;17
8395001825000025550;3110001560;17
8397301825500025557;3110001560;17
8399601826000025564;3110001560;17
8401901826500025571;3110001560;17
8404201827000025578;3110001560;17
8406501827500025585;3110001560;18
8408801828000025592;3110001560;17
8411101828500025599;3110001560;17
8413401829000025606;3110001560;18
8415701829500025613;3110001560;17
8418001830000025620;3110001560;17
8420301830500025627;3110001560;17
8422601831000025634;3110001560;17
8424901831500025641;3110001560;17
8427201832000025648;3110001560;17
8429501832500025655;3110001560;17
8431801833000025662;3110001560;18
8434101833500025669;3110001560;17
8436401834000025676;3110001560;17
8438701834500025683;3110001560;17
8441001835000025690;3110001560;17
8443301835500025697;3110001560;17
8445601836000025704;3110001560;17
8447901836500025711;3110001560;17
8450201837000025718;3110001560;18
8452501837500025725;3110001560;17
8454801838000025732;3110001560;17
8457101838500025739;3110001560;17
8459401839000025746;3110001560;17
8461701839500025753;3110001560;17
8464001840000025760;3110001560;17
8466301840500025767;3110001560;17
8468601841000025774;3110001560;18
8470901841500025781;3110001560;17
8473201842000025788;3110001560;17
8475501842500025795;3110001560;17
8477801843000025802;3110001560;17
8480101843500025809;3110001560;17
8482401844000025816;3110001560;17
8484701844500025823;3110001560;17
8487001845000025830;3110001560;17
8489301845500025837;3110001560;17
8491601846000025844;3110001560;17
8493901846500025851;3110001560;18
8496201847000025858;3110001560;17
8498501847500025865;3110001560;17
8500801848000025872;3110001560;17
8503101848500025879;3110001560;17
8505401849000025886;3110001560;17
8507701849500025893;3110001560;17
8510001850000025900;3110001560;17
8512301850500025907;3110001560;18
8514601851000025914;3110001560;17
8516901851500025921;3110001560;17
8519201852000025928;3110001560;17
8521501852500025935;3110001560;17
8523801853000025942;3110001560;17
8526101853500025949;3110001560;17
8528401854000025956;3110001560;17
8530701854500025963;3110001560;18
8533001855000025970;3110001560;17
8535301855500025977;3110001560;17
8537601856000025984;3110001560;17
8539901856500025991;3110001560;17
8542201857000025998;3110001560;17
8544501857500026005;3110001560;17
8546801858000026012;3110001560;17
8549101858500026019;3110001560;18
8551401859000026026;3110001560;17
8553701859500026033;3110001560;17
8556001860000026040;3110001560;18
8558301860500026047;3110001560;17
8560601861000026054;3110001560;17
8562901861500026061;3110001560;17
8565201862000026068;3110001560;17
8567501862500026075;3110001560;17
8569801863000026082;3110001560;17
8572101863500026089;3110001560;17
8574401864000026096;3110001560;18
8576701864500026103;3110001560;17
8579001865000026110;3110001560;17
8581301865500026117;3110001560;17
8583601866000026124;3110001560;17
8585901866500026131;3110001560;17
8588201867000026138;3110001560;17
8590501867500026145;3110001560;17
8592801868000026152;3110001560;18
8595101868500026159;3110001560;17
8597401869000026166;3110001560;17
8599701869500026173;3110001560;17
8602001870000026180;3110001560;17
8604301870500026187;3110001560;17
8606601871000026194;3110001560;17
8608901871500026201;3110001560;17
8611201872000026208;3110001560;18
8613501872500026215;3110001560;17
8615801873000026222;3110001560;17
8618101873500026229;3110001560;17
8620401874000026236;3110001560;17
8622701874500026243;3110001560;17
8625001875000026250;3110001560;17
8627301875500026257;3110001560;17
8629601876000026264;3110001560;17
8631901876500026271;3110001560;17
8634201877000026278;3110001560;17
8636501877500026285;3110001560;18
8638801878000026292;3110001560;17
8641101878500026299;3110001560;17
8643401879000026306;3110001560;17
8645701879500026313;3110001560;17
8648001880000026320;3110001560;17
8650301880500026327;3110001560;17
8652601881000026334;3110001560;17
8654901881500026341;3110001560;18
8657201882000026348;3110001560;17
8659501882500026355;3110001560;17
8661801883000026362;3110001560;17
8664101883500026369;3110001560;17
8666401884000026376;3110001560;17
8668701884500026383;3110001560;17
8671001885000026390;3110001560;17
8673301885500026397;3110001560;18
8675601886000026404;3110001560;17
8677901886500026411;3110001560;17
8680201887000026418;3110001560;17
8682501887500026425;3110001560;17
8684801888000026432;3110001560;17
8687101888500026439;3110001560;17
8689401889000026446;3110001560;17
8691701889500026453;3110001560;18
8694001890000026460;3110001560;17
8696301890500026467;3110001560;17
8698601891000026474;3110001560;18
8700901891500026481;3110001560;17
8703201892000026488;3110001560;17
8705501892500026495;3110001560;17
8707801893000026502;3110001560;17
8710101893500026509;3110001560;17
8712401894000026516;3110001560;17
8714701894500026523;3110001560;17
8717001895000026530;3110001560;18
8719301895500026537;3110001560;17
8721601896000026544;3110001560;17
8723901896500026551;3110001560;17
8726201897000026558;3110001560;17
8728501897500026565;3110001560;17
8730801898000026572;3110001560;17
8733101898500026579;3110001560;17
8735401899000026586;3110001560;18
8737701899500026593;3110001560;17
8740001900000026600;3110001560;17
8742301900500026607;3110001560;17
8744601901000026614;3110001560;17
8746901901500026621;3110001560;17
8749201902000026628;3110001560;17
8751501902500026635;3110001560;17
8753801903000026642;3110001560;18
8756101903500026649;3110001560;17
8758401904000026656;3110001560;17
8760701904500026663;3110001560;17
8763001905000026670;3110001560;17
8765301905500026677;3110001560;17
8767601906000026684;3110001560;17
8769901906500026691;3110001560;17
8772201907000026698;3110001560;17
8774501907500026705;3110001560;17
8776801908000026712;3110001560;17
8779101908500026719;3110001560;18
8781401909000026726;3110001560;17
8783701909500026733;3110001560;17
8786001910000026740;3110001560;17
8788301910500026747;3110001560;17
8790601911000026754;3110001560;17
8792901911500026761;3110001560;17
8795201912000026768;3110001560;17
8797501912500026775;3110001560;18
8799801913000026782;3110001560;17
8802101913500026789;3110001560;17
8804401914000026796;3110001560;17
8806701914500026803;3110001560;17
8809001915000026810;3110001560;17
8811301915500026817;3110001560;17
8813601916000026824;3110001560;17
8815901916500026831;3110001560;18
8818201917000026838;3110001560;17
8820501917500026845;3110001560;17
8822801918000026852;3110001560;17
8825101918500026859;3110001560;17
8827401919000026866;3110001560;17
8829701919500026873;3110001560;17
8832001920000026880;3110001560;17
8834301920500026887;3110001560;18
8836601921000026894;3110001560;17
8838901921500026901;3110001560;17
8841201922000026908;3110001560;18
8843501922500026915;3110001560;17
8845801923000026922;3110001560;17
8848101923500026929;3110001560;17
8850401924000026936;3110001560;17
8852701924500026943;3110001560;17
8855001925000026950;3110001560;17
8857301925500026957;3110001560;17
8859601926000026964;3110001560;18
8861901926500026971;3110001560;17
8864201927000026978;3110001560;17
8866501927500026985;3110001560;17
8868801928000026992;3110001560;17
8871101928500026999;3110001560;17
8873401929000027006;3110001560;17
8875701929500027013;3110001560;17
8878001930000027020;3110001560;18
8880301930500027027;3110001560;17
8882601931000027034;3110001560;17
8884901931500027041;3110001560;17
8887201932000027048;3110001560;17
8889501932500027055;3110001560;17
8891801933000027062;3110001560;17
8894101933500027069;3110001560;17
8896401934000027076;3110001560;18
8898701934500027083;3110001560;17
8901001935000027090;3110001560;17
8903301935500027097;3110001560;17
8905601936000027104;3110001560;17
8907901936500027111;3110001560;17
8910201937000027118;3110001560;17
8912501937500027125;3110001560;17
8914801938000027132;3110001560;17
8917101938500027139;3110001560;17
8919401939000027146;3110001560;17
8921701939500027153;3110001560;18
8924001940000027160;3110001560;17
8926301940500027167;3110001560;17
8928601941000027174;3110001560;17
8930901941500027181;3110001560;17
8933201942000027188;3110001560;17
8935501942500027195;3110001560;17
8937801943000027202;3110001560;17
8940101943500027209;3110001560;18
8942401944000027216;3110001560;17
8944701944500027223;3110001560;17
8947001945000027230;3110001560;17
8949301945500027237;3110001560;17
8951601946000027244;3110001560;17
8953901946500027251;3110001560;17
8956201947000027258;3110001560;17
8958501947500027265;3110001560;18
8960801948000027272;3110001560;17
8963101948500027279;3110001560;17
8965401949000027286;3110001560;17
8967701949500027293;3110001560;17
8970001950000027300;3110001560;17
8972301950500027307;3110001560;17
8974601951000027314;3110001560;17
8976901951500027321;3110001560;18
8979201952000027328;3110001560;17
8981501952500027335;3110001560;17
8983801953000027342;3110001560;18
8986101953500027349;3110001560;17
8988401954000027356;3110001560;17
8990701954500027363;3110001560;17
8993001955000027370;3110001560;17
8995301955500027377;3110001560;17
8997601956000027384;3110001560;17
8999901956500027391;3110001560;17
9002201957000027398;3110001560;18
9004501957500027405;3110001560;17
9006801958000027412;3110001560;17
9009101958500027419;3110001560;17
9011401959000027426;3110001560;17
9013701959500027433;3110001560;17
9016001960000027440;3110001560;17
9018301960500027447;3110001560;17
9020601961000027454;3110001560;18
9022901961500027461;3110001560;17
9025201962000027468;3110001560;17
9027501962500027475;3110001560;17
9029801963000027482;3110001560;17
9032101963500027489;3110001560;17
9034401964000027496;3110001560;17
9036701964500027503;3110001560;17
9039001965000027510;3110001560;18
9041301965500027517;3110001560;17
9043601966000027524;3110001560;17
9045901966500027531;3110001560;17
9048201967000027538;3110001560;17
9050501967500027545;3110001560;17
9052801968000027552;3110001560;17
9055101968500027559;3110001560;17
9057401969000027566;3110001560;17
9059701969500027573;3110001560;17
9062001970000027580;3110001560;17
9064301970500027587;3110001560;18
9066601971000027594;3110001560;17
9068901971500027601;3110001560;17
9071201972000027608;3110001560;17
9073501972500027615;3110001560;17
9075801973000027622;3110001560;17
9078101973500027629;3110001560;17
9080401974000027636;3110001560;17
9082701974500027643;3110001560;18
9085001975000027650;3110001560;17
9087301975500027657;3110001560;17
9089601976000027664;3110001560;17
9091901976500027671;3110001560;17
9094201977000027678;3110001560;17
9096501977500027685;3110001560;17
9098801978000027692;3110001560;17
9101101978500027699;3110001560;18
9103401979000027706;3110001560;17
9105701979500027713;3110001560;17
9108001980000027720;3110001560;17
9110301980500027727;3110001560;17
9112601981000027734;3110001560;17
9114901981500027741;3110001560;17
9117201982000027748;3110001560;17
9119501982500027755;3110001560;18
9121801983000027762;3110001560;17
9124101983500027769;3110001560;17
9126401984000027776;3110001560;18
9128701984500027783;3110001560;17
9131001985000027790;3110001560;17
9133301985500027797;3110001560;17
9135601986000027804;3110001560;17
9137901986500027811;3110001560;17
9140201987000027818;3110001560;17
9142501987500027825;3110001560;17
9144801988000027832;3110001560;18
9147101988500027839;3110001560;17
9149401989000027846;3110001560;17
9151701989500027853;3110001560;17
9154001990000027860;3110001560;17
9156301990500027867;3110001560;17
9158601991000027874;3110001560;17
9160901991500027881;3110001560;17
9163201992000027888;3110001560;18
9165501992500027895;3110001560;17
9167801993000027902;3110001560;17
9170101993500027909;3110001560;17
9172401994000027916;3110001560;17
9174701994500027923;3110001560;17
9177001995000027930;3110001560;17
9179301995500027937;3110001560;17
9181601996000027944;3110001560;18
9183901996500027951;3110001560;17
9186201997000027958;3110001560;17
9188501997500027965;3110001560;17
9190801998000027972;3110001560;17
9193101998500027979;3110001560;17
9195401999000027986;3110001560;17
9197701999500027993;3110001560;17
9200002000000028000;3110001560;17
9202302000500028007;3110001560;17
9204602001000028014;3110001560;17
9206902001500028021;3110001560;18
9209202002000028028;3110001560;17
9211502002500028035;3110001560;17
9213802003000028042;3110001560;17
9216102003500028049;3110001560;17
9218402004000028056;3110001560;17
9220702004500028063;3110001560;17
9223002005000028070;3110001560;17
